0 0.0720111 0.061657 0.0411467 0.0506104 0.0734866 0.0709211 0.0814332 0.0121165 0.0394297 0.041156 0.0255919 0.0352215 0.03467 0.0456943 0.0439614 
0.0542231 0 0.0649799 0.0392935 0.051975 0.0665238 0.0770453 0.075641 0.0366085 0.0138762 0.0336063 0.0342747 0.027645 0.0443135 0.036778 0.0517848 
0.0398317 0.0488918 0 0.0646381 0.0606831 0.0909011 0.0495793 0.0663561 0.0361836 0.0324825 0.0144403 0.0336756 0.0441851 0.0456083 0.0390661 0.0332914 
0.0438386 0.0427969 0.0762843 0 0.0707062 0.0796933 0.0660224 0.0723968 0.0262547 0.0368935 0.0377632 0.0119772 0.0433904 0.0500407 0.031394 0.0402969 
0.0440614 0.0530669 0.0645463 0.0536726 0 0.0805543 0.0622535 0.0707133 0.0326485 0.0280155 0.0459644 0.0420041 0.0139273 0.0447276 0.0363513 0.0350138 
0.0421978 0.0454512 0.0651098 0.0581482 0.0672244 0 0.0526223 0.0618917 0.0270042 0.0395975 0.0435068 0.0392667 0.0373393 0.0165328 0.0342824 0.0424503 
0.0610573 0.0723037 0.05004 0.0446501 0.0465961 0.0609032 0 0.0855053 0.040154 0.0350214 0.0384988 0.0286269 0.0351051 0.0366901 0.0143182 0.0495461 
0.0594681 0.0629687 0.0574897 0.0438457 0.0469942 0.0615883 0.0626937 0 0.0344404 0.0448788 0.0297173 0.0319235 0.0311406 0.0417352 0.046841 0.0166002 
0.0172361 0.0529982 0.0558707 0.0382655 0.0560175 0.0505273 0.0731542 0.0724439 0 0.0555154 0.0456503 0.033421 0.0403415 0.053526 0.0579818 0.0631069 
0.0498412 0.020401 0.0459661 0.0525201 0.0418827 0.0618164 0.0591661 0.0856532 0.0423344 0 0.0494309 0.0316138 0.0416882 0.0481896 0.0618224 0.0592102 
0.0476336 0.0451659 0.0213353 0.0509641 0.0697593 0.0635497 0.0631462 0.0550077 0.0310319 0.0374524 0 0.0542844 0.0488577 0.069097 0.0385919 0.0505528 
0.0401536 0.057293 0.0601992 0.0171267 0.0597092 0.0826196 0.043919 0.056736 0.0350027 0.0345722 0.0607475 0 0.0535827 0.0618582 0.0501808 0.0524741 
0.0505868 0.0441196 0.0731415 0.0562121 0.0201398 0.073476 0.0512562 0.0498438 0.036456 0.0424653 0.0510452 0.0412313 0 0.062107 0.0459032 0.053763 
0.0361136 0.0531688 0.0610702 0.0605137 0.0588966 0.0253253 0.0534726 0.0698692 0.033923 0.0346088 0.0499268 0.0486805 0.0541358 0 0.040938 0.0470957 
0.0623684 0.053648 0.0630978 0.0391554 0.0468488 0.0609543 0.0214206 0.0699099 0.0500383 0.0599118 0.039142 0.0345742 0.0356349 0.0454737 0 0.0628889 
0.0526423 0.0708937 0.0476611 0.0431647 0.0441402 0.0703138 0.0646423 0.0253598 0.0480478 0.0502874 0.0450611 0.0345821 0.0364407 0.0473168 0.0472064 0 
