0 245 236
1 245 236
2 245 236
3 245 237
4 245 240
5 210 240
6 210 243
7 210 246
8 245 246
9 245 246
10 245 246
11 245 246
12 210 246
13 210 246
14 210 246
15 210 246
16 210 246
17 210 246
18 210 246
19 210 246
20 210 246
21 245 246
22 245 246
23 245 246
24 245 246
25 245 246
26 245 246
27 245 246
28 245 246
29 245 246
30 245 246
31 245 246
32 245 246
33 245 246
34 245 246
35 245 246
36 245 246
37 245 246
38 245 246
39 245 246
40 245 244
41 245 242
42 245 239
43 245 239
44 245 237
45 245 236
46 245 236
47 245 236
48 245 236
49 245 236
50 245 236
51 210 236
52 210 236
53 210 236
54 210 238
55 210 240
56 210 240
57 210 241
58 210 240
59 210 238
60 210 238
61 210 237
62 210 236
63 245 239
64 245 239
65 245 241
66 210 242
67 210 241
68 210 241
69 210 239
70 245 237
71 245 239
72 245 239
73 210 242
74 210 242
75 210 240
76 245 237
77 245 237
78 245 236
79 210 238
80 210 240
81 210 240
82 210 242
83 245 243
84 210 244
85 245 244
86 245 243
87 245 242
88 245 239
89 245 239
90 245 238
91 210 238
92 210 239
93 210 241
94 245 241
95 245 241
96 245 240
97 210 240
98 245 240
99 245 241
100 245 241
101 210 240
102 245 240
103 245 241
104 245 240
105 245 241
106 210 241
107 210 239
108 245 238
109 245 236
