1 0 3.93095313666e-08 0 0
2 0 3.93095313666e-08 0 0
3 0 3.93095313666e-08 0 0
4 0 3.93095313666e-08 0 0
5 0 3.93095313666e-08 0 0
6 0 3.93095313666e-08 0 0
7 0 3.93095313666e-08 0 0
8 0 3.93095313666e-08 0 0
9 0 3.93095313666e-08 0 0
10 0 3.93095313666e-08 0 0
11 0 3.93095313665e-08 0 0
12 0 3.93095313662e-08 0 0
13 0 3.93095313655e-08 0 0
14 0 3.93095313655e-08 0 0
15 0 3.93095313658e-08 0 0
16 0 3.93095313664e-08 0 0
17 0 3.93095313664e-08 0 0
18 0 3.93095313666e-08 0 0
19 0 3.93095313666e-08 0 0
20 0 3.93095313666e-08 0 0
21 0 3.93095313666e-08 0 0
22 0 3.93095313666e-08 0 0
23 3.93095313666e-08 0 0 0
24 3.93095313666e-08 0 0 0
25 3.93095313666e-08 0 0 0
26 0 3.93095313666e-08 0 0
27 0 3.93095313666e-08 0 0
28 0 3.93095313666e-08 0 0
29 0 3.93095313666e-08 0 0
30 0 3.93095313666e-08 0 0
31 0 3.93095313666e-08 0 0
32 0 3.93095313666e-08 0 0
33 0 3.93095313666e-08 0 0
34 0 3.93095313666e-08 0 0
35 0 3.93095313666e-08 0 0
36 0 3.93095313666e-08 0 0
37 0 3.93095313666e-08 0 0
38 0 3.93095313666e-08 0 0
39 0 3.93095313666e-08 0 0
40 0 3.93095313666e-08 0 0
41 0 3.93095313666e-08 0 0
42 0 3.93095313666e-08 0 0
43 0 3.93095313666e-08 0 0
44 0 3.93095313666e-08 0 0
45 0 3.93095313666e-08 0 0
46 0 3.93095313666e-08 0 0
47 0 3.93095313666e-08 0 0
48 0 3.93095313666e-08 0 0
49 0 3.93095313666e-08 0 0
50 0 3.93095313666e-08 0 0
51 0 3.93095313666e-08 0 0
52 0 3.93095313666e-08 0 0
53 0 3.93095313666e-08 0 0
54 0 3.93095313666e-08 0 0
55 0 3.93095313666e-08 0 0
56 0 3.93095313666e-08 0 0
57 0 3.93095313666e-08 0 0
58 0 3.93095313666e-08 0 0
59 0 3.93095313666e-08 0 0
60 0 3.93095313666e-08 0 0
61 0 3.93095313666e-08 0 0
62 0 3.93095313666e-08 0 0
63 0 3.93095313666e-08 0 0
64 0 3.93095313666e-08 0 0
65 0 3.93095313666e-08 0 0
66 0 3.93095313666e-08 0 0
67 0 3.93095313666e-08 0 0
68 0 3.93095313666e-08 0 0
69 0 3.93095313666e-08 0 0
70 0 3.93095313666e-08 0 0
71 0 3.93095313666e-08 0 0
72 0 3.93095313666e-08 0 0
73 0 3.93095313666e-08 0 0
74 0 3.93095313666e-08 0 0
75 0 3.93095313666e-08 0 0
76 0 3.93095313666e-08 0 0
77 0 3.93095313666e-08 0 0
78 0 3.93095313666e-08 0 0
79 0 3.93095313666e-08 0 0
80 0 3.93095313666e-08 0 0
81 0 3.93095313666e-08 0 0
82 0 3.93095313666e-08 0 0
83 0 3.93095313666e-08 0 0
84 0 3.93095313666e-08 0 0
85 0 4.96175385904e-08 0 0
86 0 4.96175385904e-08 0 0
87 0 4.96175385904e-08 0 0
88 0 4.96175385904e-08 0 0
89 0 4.96175385904e-08 0 0
90 0 4.96175385904e-08 0 0
91 0 4.96175385904e-08 0 0
92 0 4.96175385904e-08 0 0
93 0 4.96175385904e-08 0 0
94 0 4.96175385904e-08 0 0
95 0 4.96175385904e-08 0 0
96 0 4.96175385904e-08 0 0
97 0 4.96175385904e-08 0 0
98 0 4.96175385904e-08 0 0
99 0 4.96175385904e-08 0 0
100 0 4.96175385904e-08 0 0
101 0 4.96175385904e-08 0 0
102 0 4.96175385904e-08 0 0
103 0 4.96175385901e-08 0 0
104 0 4.96175385896e-08 0 0
105 0 4.96175385896e-08 0 0
106 0 4.96175385892e-08 0 0
107 0 4.96175385899e-08 0 0
108 0 4.96175385903e-08 0 0
109 0 4.96175385903e-08 0 0
110 0 4.96175385904e-08 0 0
111 0 4.96175385904e-08 0 0
112 0 4.96175385904e-08 0 0
113 4.96175385904e-08 0 0 0
114 4.96175385904e-08 0 0 0
115 4.96175385904e-08 0 0 0
116 0 4.96175385904e-08 0 0
117 0 4.96175385904e-08 0 0
118 0 4.96175385904e-08 0 0
119 0 4.96175385904e-08 0 0
120 0 4.96175385904e-08 0 0
121 0 4.96175385904e-08 0 0
122 0 4.96175385904e-08 0 0
123 0 4.96175385904e-08 0 0
124 0 4.96175385904e-08 0 0
125 0 4.96175385904e-08 0 0
126 0 4.96175385904e-08 0 0
127 0 4.96175385904e-08 0 0
128 0 4.96175385904e-08 0 0
129 0 4.96175385904e-08 0 0
130 0 4.96175385904e-08 0 0
131 0 4.96175385904e-08 0 0
132 0 4.96175385904e-08 0 0
133 0 4.96175385904e-08 0 0
134 0 4.96175385904e-08 0 0
135 0 4.96175385904e-08 0 0
136 0 4.96175385904e-08 0 0
137 0 4.96175385904e-08 0 0
138 0 4.96175385904e-08 0 0
139 0 4.96175385904e-08 0 0
140 0 4.96175385904e-08 0 0
141 0 4.96175385904e-08 0 0
142 0 4.96175385904e-08 0 0
143 0 4.96175385904e-08 0 0
144 0 4.96175385904e-08 0 0
145 0 4.96175385904e-08 0 0
146 0 4.96175385904e-08 0 0
147 0 4.96175385904e-08 0 0
148 0 4.96175385904e-08 0 0
149 0 4.96175385904e-08 0 0
150 0 4.96175385904e-08 0 0
151 0 4.96175385904e-08 0 0
152 0 4.96175385904e-08 0 0
153 0 4.96175385904e-08 0 0
154 0 4.96175385904e-08 0 0
155 0 4.96175385904e-08 0 0
156 0 4.96175385904e-08 0 0
157 0 4.96175385904e-08 0 0
158 0 4.96175385904e-08 0 0
159 0 4.96175385904e-08 0 0
160 0 4.96175385904e-08 0 0
161 0 4.96175385904e-08 0 0
162 0 4.96175385904e-08 0 0
163 0 4.96175385904e-08 0 0
164 0 4.96175385904e-08 0 0
165 0 4.96175385904e-08 0 0
166 0 4.96175385904e-08 0 0
167 0 4.96175385904e-08 0 0
168 0 4.96175385904e-08 0 0
169 0 0 4.96175385904e-08 0
170 0 0 4.96175385904e-08 0
171 0 0 4.96175385904e-08 0
172 0 0 4.96175385904e-08 0
173 0 0 4.96175385904e-08 0
174 0 0 4.96175385904e-08 0
175 0 0 4.96175385904e-08 0
176 0 0 4.96175385904e-08 0
177 0 0 4.96175385904e-08 0
178 0 0 4.96175385904e-08 0
179 0 0 4.96175385904e-08 0
180 0 0 4.96175385904e-08 0
181 0 0 4.96175385904e-08 0
182 0 0 4.96175385904e-08 0
183 0 0 4.96175385904e-08 0
184 0 0 4.96175385904e-08 0
185 0 0 4.96175385904e-08 0
186 0 0 4.96175385904e-08 0
187 0 0 4.96175385904e-08 0
188 0 0 4.96175385904e-08 0
189 0 0 4.96175385904e-08 0
190 0 0 4.96175385904e-08 0
191 0 0 4.96175385904e-08 0
192 0 0 4.96175385904e-08 0
193 0 0 4.96175385904e-08 0
194 0 0 4.96175385904e-08 0
195 0 0 4.96175385904e-08 0
196 0 0 4.96175385904e-08 0
197 0 0 4.96175385904e-08 0
198 0 0 4.96175385904e-08 0
199 0 0 4.96175385904e-08 0
200 0 0 4.96175385904e-08 0
201 0 0 4.96175385904e-08 0
202 0 0 4.96175385904e-08 0
203 0 0 4.96175385904e-08 0
204 0 0 4.96175385904e-08 0
205 0 0 4.96175385904e-08 0
206 0 0 4.96175385904e-08 0
207 0 0 4.96175385904e-08 0
208 0 0 4.96175385904e-08 0
209 0 0 4.96175385903e-08 0
210 0 0 4.96175385903e-08 0
211 0 0 4.96175385903e-08 0
212 0 0 4.96175385903e-08 0
213 0 0 4.96175385904e-08 0
214 0 0 4.96175385904e-08 0
215 0 0 4.96175385904e-08 0
216 0 0 4.96175385904e-08 0
217 0 0 4.96175385904e-08 0
218 0 0 4.96175385904e-08 0
219 0 0 4.96175385904e-08 0
220 0 0 4.96175385904e-08 0
221 0 0 4.96175385904e-08 0
222 0 0 4.96175385904e-08 0
223 0 0 4.96175385904e-08 0
224 0 0 4.96175385904e-08 0
225 0 0 4.96175385904e-08 0
226 0 0 4.96175385904e-08 0
227 0 0 4.96175385904e-08 0
228 0 0 4.96175385904e-08 0
229 0 0 4.96175385904e-08 0
230 0 0 4.96175385904e-08 0
231 0 0 4.96175385904e-08 0
232 0 0 4.96175385904e-08 0
233 0 0 4.96175385904e-08 0
234 0 0 4.96175385904e-08 0
235 0 0 4.96175385904e-08 0
236 0 0 4.96175385904e-08 0
237 0 0 4.96175385904e-08 0
238 0 0 4.96175385904e-08 0
239 0 0 4.96175385904e-08 0
240 0 0 4.96175385904e-08 0
241 0 0 4.96175385904e-08 0
242 0 0 4.96175385904e-08 0
243 0 0 4.96175385904e-08 0
244 0 0 4.96175385904e-08 0
245 0 0 4.96175385904e-08 0
246 0 0 4.96175385904e-08 0
247 0 0 4.96175385904e-08 0
248 0 0 4.96175385904e-08 0
249 0 0 4.96175385904e-08 0
250 0 0 4.96175385904e-08 0
251 0 0 4.96175385904e-08 0
252 0 0 4.96175385904e-08 0
253 0 0 3.11215903364e-08 0
254 0 0 3.11215903364e-08 0
255 0 0 3.11215903364e-08 0
256 0 0 3.11215903364e-08 0
257 0 0 3.11215903364e-08 0
258 0 0 3.11215903364e-08 0
259 0 0 3.11215903364e-08 0
260 0 0 3.11215903364e-08 0
261 0 0 3.11215903364e-08 0
262 0 0 3.11215903364e-08 0
263 0 0 3.11215903364e-08 0
264 0 0 3.11215903363e-08 0
265 0 0 3.11215903363e-08 0
266 0 0 3.11215903363e-08 0
267 0 0 3.11215903363e-08 0
268 0 0 3.11215903363e-08 0
269 0 0 3.11215903363e-08 0
270 0 0 3.11215903363e-08 0
271 0 0 3.11215903363e-08 0
272 0 0 3.11215903363e-08 0
273 0 0 3.11215903363e-08 0
274 0 0 3.11215903364e-08 0
275 0 0 3.11215903364e-08 0
276 0 0 3.11215903364e-08 0
277 0 0 3.11215903364e-08 0
278 0 0 3.11215903364e-08 0
279 0 0 3.11215903364e-08 0
280 0 0 3.11215903364e-08 0
281 0 0 3.11215903364e-08 0
282 0 0 3.11215903364e-08 0
283 0 0 3.11215903364e-08 0
284 0 0 3.11215903364e-08 0
285 0 0 3.11215903364e-08 0
286 0 0 3.11215903364e-08 0
287 0 0 3.11215903364e-08 0
288 0 0 3.11215903364e-08 0
289 0 0 3.11215903364e-08 0
290 0 0 3.11215903364e-08 0
291 0 0 3.11215903364e-08 0
292 0 0 3.11215903364e-08 0
293 0 0 3.11215903364e-08 0
294 0 0 3.11215903364e-08 0
295 0 0 3.11215903364e-08 0
296 0 0 3.11215903364e-08 0
297 0 0 3.11215903364e-08 0
298 0 0 3.11215903364e-08 0
299 0 0 3.11215903364e-08 0
300 0 0 3.11215903364e-08 0
301 0 0 3.11215903364e-08 0
302 0 0 3.11215903364e-08 0
303 0 0 3.11215903364e-08 0
304 0 0 3.11215903364e-08 0
305 0 0 3.11215903364e-08 0
306 0 0 3.11215903364e-08 0
307 0 0 3.11215903364e-08 0
308 0 0 3.11215903364e-08 0
309 0 0 3.11215903364e-08 0
310 0 0 3.11215903364e-08 0
311 0 0 3.11215903364e-08 0
312 0 0 3.11215903364e-08 0
313 0 0 3.11215903364e-08 0
314 0 0 3.11215903364e-08 0
315 0 0 3.11215903364e-08 0
316 0 0 3.11215903364e-08 0
317 0 0 3.11215903364e-08 0
318 0 0 3.11215903364e-08 0
319 0 0 3.11215903364e-08 0
320 0 0 3.11215903364e-08 0
321 0 0 3.11215903364e-08 0
322 0 0 3.11215903364e-08 0
323 0 0 3.11215903364e-08 0
324 0 0 3.11215903364e-08 0
325 0 0 3.11215903364e-08 0
326 0 0 3.11215903363e-08 0
327 0 0 0 3.11215903362e-08
328 0 0 0 3.1121590336e-08
329 0 0 0 3.1121590336e-08
330 0 0 3.1121590336e-08 0
331 0 0 3.11215903362e-08 0
332 0 0 3.11215903362e-08 0
333 0 0 3.11215903364e-08 0
334 0 0 3.11215903364e-08 0
335 0 0 3.11215903364e-08 0
336 0 0 3.11215903364e-08 0
337 0 0 6.25945511316e-08 0
338 0 0 6.25945511316e-08 0
339 0 0 6.25945511316e-08 0
340 0 0 6.25945511316e-08 0
341 0 0 6.25945511316e-08 0
342 0 0 6.25945511316e-08 0
343 0 0 6.25945511316e-08 0
344 0 0 6.25945511316e-08 0
345 0 0 6.25945511316e-08 0
346 0 0 6.25945511316e-08 0
347 0 0 6.25945511316e-08 0
348 0 0 6.25945511316e-08 0
349 0 0 6.25945511316e-08 0
350 0 0 6.25945511316e-08 0
351 0 0 6.25945511316e-08 0
352 0 0 6.25945511316e-08 0
353 0 0 6.25945511316e-08 0
354 0 0 6.25945511316e-08 0
355 0 0 6.25945511316e-08 0
356 0 0 6.25945511316e-08 0
357 0 0 6.25945511316e-08 0
358 0 0 6.25945511316e-08 0
359 0 0 6.25945511316e-08 0
360 0 0 6.25945511316e-08 0
361 0 0 6.25945511316e-08 0
362 0 0 6.25945511316e-08 0
363 0 0 6.25945511316e-08 0
364 0 0 6.25945511316e-08 0
365 0 0 6.25945511316e-08 0
366 0 0 6.25945511316e-08 0
367 0 0 6.25945511316e-08 0
368 0 0 6.25945511316e-08 0
369 0 0 6.25945511316e-08 0
370 0 0 6.25945511316e-08 0
371 0 0 6.25945511316e-08 0
372 0 0 6.25945511316e-08 0
373 0 0 6.25945511316e-08 0
374 0 0 6.25945511316e-08 0
375 0 0 6.25945511316e-08 0
376 0 0 6.25945511316e-08 0
377 0 0 6.25945511316e-08 0
378 0 0 6.25945511316e-08 0
379 0 0 6.25945511316e-08 0
380 0 0 6.25945511316e-08 0
381 0 0 6.25945511316e-08 0
382 0 0 6.25945511316e-08 0
383 0 0 6.25945511316e-08 0
384 0 0 6.25945511316e-08 0
385 0 0 6.25945511316e-08 0
386 0 0 6.25945511316e-08 0
387 0 0 6.25945511316e-08 0
388 0 0 6.25945511316e-08 0
389 0 0 6.25945511316e-08 0
390 0 0 6.25945511316e-08 0
391 0 0 6.25945511316e-08 0
392 0 0 6.25945511316e-08 0
393 0 0 6.25945511316e-08 0
394 0 0 6.25945511316e-08 0
395 0 0 6.25945511316e-08 0
396 0 0 6.25945511316e-08 0
397 0 0 6.25945511316e-08 0
398 0 0 6.25945511316e-08 0
399 0 0 6.25945511316e-08 0
400 0 0 6.25945511316e-08 0
401 0 0 6.25945511316e-08 0
402 0 0 6.25945511316e-08 0
403 0 0 6.25945511316e-08 0
404 0 0 6.25945511316e-08 0
405 0 0 6.25945511316e-08 0
406 0 0 6.25945511316e-08 0
407 0 0 6.25945511316e-08 0
408 0 0 6.25945511316e-08 0
409 0 0 6.25945511316e-08 0
410 0 0 6.25945511316e-08 0
411 0 0 6.25945511316e-08 0
412 0 0 6.25945511316e-08 0
413 0 0 6.25945511316e-08 0
414 0 0 6.25945511316e-08 0
415 0 0 6.25945511316e-08 0
416 0 0 6.25945511316e-08 0
417 0 0 6.25945511316e-08 0
418 0 0 6.25945511316e-08 0
419 0 0 6.25945511316e-08 0
420 0 0 6.25945511316e-08 0
421 0 0 3.93095313665e-08 0
422 0 0 3.93095313665e-08 0
423 0 0 3.93095313665e-08 0
424 0 0 3.93095313665e-08 0
425 0 0 3.93095313665e-08 0
426 0 0 3.93095313665e-08 0
427 0 0 3.93095313665e-08 0
428 0 0 3.93095313665e-08 0
429 0 0 3.93095313665e-08 0
430 0 0 3.93095313665e-08 0
431 0 0 3.93095313665e-08 0
432 0 0 3.93095313665e-08 0
433 0 0 3.93095313665e-08 0
434 0 0 3.93095313665e-08 0
435 0 0 3.93095313665e-08 0
436 0 0 3.93095313665e-08 0
437 0 0 3.93095313665e-08 0
438 0 0 3.93095313665e-08 0
439 0 0 3.93095313665e-08 0
440 0 0 3.93095313665e-08 0
441 0 0 3.93095313665e-08 0
442 0 0 3.93095313665e-08 0
443 0 0 3.93095313665e-08 0
444 0 0 3.93095313665e-08 0
445 0 0 3.93095313665e-08 0
446 0 0 3.93095313665e-08 0
447 0 0 3.93095313665e-08 0
448 0 0 3.93095313665e-08 0
449 0 0 3.93095313665e-08 0
450 0 0 3.93095313665e-08 0
451 0 0 3.93095313665e-08 0
452 0 0 3.93095313665e-08 0
453 0 0 3.93095313666e-08 0
454 0 0 3.93095313666e-08 0
455 0 0 3.93095313666e-08 0
456 0 0 3.93095313665e-08 0
457 0 0 3.93095313665e-08 0
458 0 0 3.93095313665e-08 0
459 0 0 3.93095313665e-08 0
460 0 0 3.93095313665e-08 0
461 0 0 3.93095313665e-08 0
462 0 0 3.93095313665e-08 0
463 0 0 3.93095313665e-08 0
464 0 0 3.93095313665e-08 0
465 0 0 3.93095313665e-08 0
466 0 0 3.93095313665e-08 0
467 0 0 3.93095313665e-08 0
468 0 0 3.93095313665e-08 0
469 0 0 3.93095313665e-08 0
470 0 0 3.93095313665e-08 0
471 0 0 3.93095313665e-08 0
472 0 0 3.93095313665e-08 0
473 0 0 3.93095313665e-08 0
474 0 0 3.93095313665e-08 0
475 0 0 3.93095313665e-08 0
476 0 0 3.93095313665e-08 0
477 0 0 3.93095313665e-08 0
478 0 0 3.93095313665e-08 0
479 0 0 3.93095313665e-08 0
480 0 0 3.93095313665e-08 0
481 0 0 3.93095313665e-08 0
482 0 0 3.93095313665e-08 0
483 0 0 3.93095313665e-08 0
484 0 0 3.93095313665e-08 0
485 0 0 3.93095313665e-08 0
486 0 0 3.93095313665e-08 0
487 0 0 3.93095313665e-08 0
488 0 0 3.93095313665e-08 0
489 0 0 3.93095313665e-08 0
490 0 0 3.93095313665e-08 0
491 0 0 3.93095313665e-08 0
492 0 0 3.93095313665e-08 0
493 0 0 3.93095313665e-08 0
494 0 0 3.93095313665e-08 0
495 0 0 3.93095313665e-08 0
496 0 0 3.93095313665e-08 0
497 0 0 3.93095313665e-08 0
498 0 0 3.93095313665e-08 0
499 0 0 3.93095313665e-08 0
500 0 0 3.93095313665e-08 0
501 0 0 3.93095313665e-08 0
502 0 0 3.93095313665e-08 0
503 0 0 3.93095313665e-08 0
504 0 0 3.93095313665e-08 0
505 0 0 3.93095313666e-08 0
506 0 0 3.93095313666e-08 0
507 0 0 3.93095313666e-08 0
508 0 0 3.93095313666e-08 0
509 0 0 3.93095313666e-08 0
510 0 0 3.93095313666e-08 0
511 0 0 3.93095313666e-08 0
512 0 0 3.93095313666e-08 0
513 0 0 3.93095313666e-08 0
514 0 0 3.93095313666e-08 0
515 0 0 3.93095313666e-08 0
516 0 0 3.93095313666e-08 0
517 0 0 3.93095313666e-08 0
518 0 0 3.93095313666e-08 0
519 0 0 3.93095313666e-08 0
520 0 0 3.93095313666e-08 0
521 0 0 3.93095313666e-08 0
522 0 0 3.93095313666e-08 0
523 0 0 3.93095313666e-08 0
524 0 0 3.93095313666e-08 0
525 0 0 3.93095313666e-08 0
526 0 0 3.93095313666e-08 0
527 0 0 3.93095313666e-08 0
528 0 0 3.93095313666e-08 0
529 0 0 3.93095313666e-08 0
530 0 0 3.93095313666e-08 0
531 0 0 3.93095313666e-08 0
532 0 0 3.93095313666e-08 0
533 0 0 3.93095313666e-08 0
534 0 0 3.93095313666e-08 0
535 0 0 3.93095313666e-08 0
536 0 0 3.93095313666e-08 0
537 0 0 3.93095313666e-08 0
538 0 0 3.93095313666e-08 0
539 0 0 3.93095313666e-08 0
540 0 0 3.93095313666e-08 0
541 0 0 3.93095313666e-08 0
542 0 0 3.93095313666e-08 0
543 0 0 3.93095313666e-08 0
544 0 0 3.93095313666e-08 0
545 0 0 3.93095313666e-08 0
546 0 0 3.93095313666e-08 0
547 0 0 3.93095313666e-08 0
548 0 0 3.93095313666e-08 0
549 0 0 3.93095313666e-08 0
550 0 0 3.93095313666e-08 0
551 0 0 3.93095313666e-08 0
552 0 0 3.93095313666e-08 0
553 0 0 3.93095313666e-08 0
554 0 0 3.93095313666e-08 0
555 0 0 3.93095313666e-08 0
556 0 0 3.93095313666e-08 0
557 0 0 3.93095313666e-08 0
558 0 0 3.93095313666e-08 0
559 0 0 3.93095313666e-08 0
560 0 0 3.93095313666e-08 0
561 0 0 3.93095313666e-08 0
562 0 0 3.93095313666e-08 0
563 0 0 3.93095313666e-08 0
564 0 0 3.93095313666e-08 0
565 0 0 3.93095313666e-08 0
566 0 0 3.93095313666e-08 0
567 0 0 3.93095313666e-08 0
568 0 0 3.93095313666e-08 0
569 0 0 3.93095313666e-08 0
570 0 0 3.93095313666e-08 0
571 0 0 3.93095313666e-08 0
572 0 0 3.93095313666e-08 0
573 0 0 3.93095313666e-08 0
574 0 0 3.93095313666e-08 0
575 0 0 3.93095313666e-08 0
576 0 0 3.93095313666e-08 0
577 0 0 3.93095313666e-08 0
578 0 0 3.93095313666e-08 0
579 0 0 3.93095313666e-08 0
580 0 0 3.93095313666e-08 0
581 0 0 3.93095313666e-08 0
582 0 0 3.93095313666e-08 0
583 0 0 3.93095313666e-08 0
584 0 0 3.93095313666e-08 0
585 0 0 3.93095313666e-08 0
586 0 0 3.93095313666e-08 0
587 0 0 3.93095313666e-08 0
588 0 0 3.93095313666e-08 0
589 0 0 3.93095313666e-08 0
590 0 0 3.93095313666e-08 0
591 0 0 3.93095313666e-08 0
592 0 0 3.93095313666e-08 0
593 0 0 0 3.93095313666e-08
594 0 0 0 3.93095313666e-08
595 0 0 3.93095313666e-08 0
596 0 0 3.93095313666e-08 0
597 0 0 3.93095313666e-08 0
598 0 0 3.93095313666e-08 0
599 0 0 3.93095313666e-08 0
600 0 0 3.93095313666e-08 0
601 0 0 3.93095313666e-08 0
602 0 0 3.93095313666e-08 0
603 0 0 3.93095313666e-08 0
604 0 0 3.93095313666e-08 0
605 0 0 3.93095313666e-08 0
606 0 0 3.93095313666e-08 0
607 0 0 3.93095313666e-08 0
608 0 0 3.93095313666e-08 0
609 0 0 3.93095313666e-08 0
610 0 0 3.93095313666e-08 0
611 0 0 3.93095313666e-08 0
612 0 0 3.93095313666e-08 0
613 0 0 3.93095313666e-08 0
614 0 0 3.93095313666e-08 0
615 0 0 3.93095313664e-08 0
616 0 0 3.93095313661e-08 0
617 0 0 3.93095313652e-08 0
618 0 0 3.93095313652e-08 0
619 0 0 3.93095313662e-08 0
620 0 0 3.93095313662e-08 0
621 0 0 3.93095313664e-08 0
622 0 0 3.93095313662e-08 0
623 0 0 3.93095313655e-08 0
624 0 0 0 3.93095313652e-08
625 0 0 0 3.93095313658e-08
626 0 0 3.93095313664e-08 0
627 0 0 3.93095313666e-08 0
628 0 0 3.93095313666e-08 0
629 0 0 0 3.93095313666e-08
630 0 0 0 3.93095313666e-08
631 0 0 3.93095313666e-08 0
632 0 0 3.93095313666e-08 0
633 0 0 3.93095313666e-08 0
634 0 0 3.93095313666e-08 0
635 0 0 3.93095313666e-08 0
636 0 0 3.93095313666e-08 0
637 0 0 3.93095313666e-08 0
638 0 0 3.93095313666e-08 0
639 0 0 3.93095313666e-08 0
640 0 0 3.93095313666e-08 0
641 0 0 3.93095313666e-08 0
642 0 0 3.93095313666e-08 0
643 0 0 3.93095313666e-08 0
644 0 0 3.93095313666e-08 0
645 0 0 3.93095313666e-08 0
646 0 0 3.93095313666e-08 0
647 0 0 3.93095313666e-08 0
648 0 0 3.93095313666e-08 0
649 0 0 3.93095313666e-08 0
650 0 0 3.93095313666e-08 0
651 0 0 3.93095313666e-08 0
652 0 0 3.93095313666e-08 0
653 0 0 3.93095313666e-08 0
654 0 0 3.93095313666e-08 0
655 0 0 3.93095313666e-08 0
656 0 0 3.93095313666e-08 0
657 0 0 3.93095313666e-08 0
658 0 0 3.93095313666e-08 0
659 0 0 3.93095313666e-08 0
660 0 0 3.93095313666e-08 0
661 0 0 3.93095313666e-08 0
662 0 0 3.93095313666e-08 0
663 0 0 3.93095313666e-08 0
664 0 0 3.93095313666e-08 0
665 0 0 3.93095313666e-08 0
666 0 0 3.93095313666e-08 0
667 0 0 3.93095313666e-08 0
668 0 0 3.93095313666e-08 0
669 0 0 3.93095313666e-08 0
670 0 0 3.93095313666e-08 0
671 0 0 3.93095313666e-08 0
672 0 0 3.93095313666e-08 0
673 0 0 1.94514362943e-08 0
674 0 0 1.94514362943e-08 0
675 0 0 1.94514362943e-08 0
676 0 0 1.94514362943e-08 0
677 0 0 1.94514362943e-08 0
678 0 0 1.94514362943e-08 0
679 0 0 1.94514362943e-08 0
680 0 0 1.94514362943e-08 0
681 0 0 1.94514362943e-08 0
682 0 0 1.94514362943e-08 0
683 0 0 1.94514362943e-08 0
684 0 0 1.94514362943e-08 0
685 0 0 1.94514362943e-08 0
686 0 0 1.94514362943e-08 0
687 0 0 1.94514362943e-08 0
688 0 0 1.94514362943e-08 0
689 0 0 1.94514362943e-08 0
690 0 0 1.94514362943e-08 0
691 0 0 1.94514362943e-08 0
692 0 0 1.94514362943e-08 0
693 0 0 1.94514362943e-08 0
694 0 0 1.94514362943e-08 0
695 0 0 1.94514362943e-08 0
696 0 0 1.94514362943e-08 0
697 0 0 1.94514362943e-08 0
698 0 0 1.94514362943e-08 0
699 0 0 1.94514362943e-08 0
700 0 0 1.94514362943e-08 0
701 0 0 1.94514362943e-08 0
702 0 0 1.94514362943e-08 0
703 0 0 1.94514362943e-08 0
704 0 0 1.94514362943e-08 0
705 0 0 1.94514362943e-08 0
706 0 0 1.94514362943e-08 0
707 0 0 1.94514362943e-08 0
708 0 0 1.94514362943e-08 0
709 0 0 1.94514362943e-08 0
710 0 0 1.94514362943e-08 0
711 0 0 1.94514362943e-08 0
712 0 0 1.94514362943e-08 0
713 0 0 1.94514362943e-08 0
714 0 0 1.94514362943e-08 0
715 0 0 1.94514362943e-08 0
716 0 0 1.94514362943e-08 0
717 0 0 1.94514362943e-08 0
718 0 0 1.94514362943e-08 0
719 0 0 1.94514362943e-08 0
720 0 0 1.94514362943e-08 0
721 0 0 1.94514362943e-08 0
722 0 0 1.94514362943e-08 0
723 0 0 1.94514362943e-08 0
724 0 0 1.94514362943e-08 0
725 0 0 1.94514362943e-08 0
726 0 0 1.94514362943e-08 0
727 0 0 1.94514362943e-08 0
728 0 0 1.94514362943e-08 0
729 0 0 1.94514362943e-08 0
730 0 0 1.94514362943e-08 0
731 0 0 1.94514362943e-08 0
732 0 0 1.94514362943e-08 0
733 0 0 1.94514362943e-08 0
734 0 0 1.94514362943e-08 0
735 0 0 1.94514362943e-08 0
736 0 0 1.94514362943e-08 0
737 0 0 1.94514362943e-08 0
738 0 0 1.94514362943e-08 0
739 0 0 1.94514362943e-08 0
740 0 0 1.94514362943e-08 0
741 0 0 1.94514362943e-08 0
742 0 0 1.94514362943e-08 0
743 0 0 1.94514362943e-08 0
744 0 0 1.94514362943e-08 0
745 0 0 1.94514362943e-08 0
746 0 0 1.94514362943e-08 0
747 0 0 1.94514362943e-08 0
748 0 0 1.94514362943e-08 0
749 0 0 1.94514362943e-08 0
750 0 0 1.94514362943e-08 0
751 0 0 1.94514362943e-08 0
752 0 0 1.94514362943e-08 0
753 0 0 1.94514362943e-08 0
754 0 0 1.94514362943e-08 0
755 0 0 1.94514362943e-08 0
756 0 0 1.94514362943e-08 0
757 0 0 1.57988156967e-07 0
758 0 0 1.57988156967e-07 0
759 0 0 1.57988156967e-07 0
760 0 0 1.57988156967e-07 0
761 0 0 1.57988156964e-07 0
762 0 0 1.57988156964e-07 0
763 0 0 1.57988156961e-07 0
764 0 0 1.57988156958e-07 0
765 0 0 1.57988156964e-07 0
766 0 0 1.57988156964e-07 0
767 0 0 1.57988156965e-07 0
768 0 0 1.57988156967e-07 0
769 0 0 1.57988156967e-07 0
770 0 0 1.57988156967e-07 0
771 0 0 1.57988156967e-07 0
772 0 0 1.57988156967e-07 0
773 0 0 1.57988156967e-07 0
774 0 0 0 1.57988156967e-07
775 0 0 1.57988156967e-07 0
776 0 0 0 1.57988156967e-07
777 0 0 1.57988156967e-07 0
778 0 0 1.57988156967e-07 0
779 0 0 1.57988156967e-07 0
780 0 0 1.57988156967e-07 0
781 0 0 1.57988156967e-07 0
782 0 0 1.57988156967e-07 0
783 0 0 1.57988156967e-07 0
784 0 0 1.57988156967e-07 0
785 0 0 1.57988156965e-07 0
786 0 0 1.57988156964e-07 0
787 0 0 1.57988156961e-07 0
788 0 0 1.57988156961e-07 0
789 0 0 1.57988156961e-07 0
790 0 0 1.57988156961e-07 0
791 0 0 1.57988156961e-07 0
792 0 0 1.57988156961e-07 0
793 0 0 1.57988156961e-07 0
794 0 0 1.57988156961e-07 0
795 0 0 0 1.57988156961e-07
796 0 0 1.57988156961e-07 0
797 0 0 1.57988156961e-07 0
798 0 0 0 1.57988156961e-07
799 0 0 0 1.57988156961e-07
800 0 0 1.57988156961e-07 0
801 0 0 1.57988156961e-07 0
802 0 0 0 1.57988156958e-07
803 0 0 0 1.57988156958e-07
804 0 0 0 1.57988156958e-07
805 0 0 1.57988156958e-07 0
806 0 0 1.57988156961e-07 0
807 0 0 0 1.57988156961e-07
808 0 0 1.57988156961e-07 0
809 0 0 1.57988156961e-07 0
810 0 0 1.57988156961e-07 0
811 0 0 0 1.57988156961e-07
812 0 0 1.57988156961e-07 0
813 0 0 0 1.57988156961e-07
814 0 0 1.57988156961e-07 0
815 0 0 1.57988156958e-07 0
816 0 0 1.57988156961e-07 0
817 0 0 1.57988156961e-07 0
818 0 0 0 1.57988156961e-07
819 0 0 0 1.57988156961e-07
820 0 0 0 1.57988156961e-07
821 0 0 1.57988156961e-07 0
822 0 0 1.57988156961e-07 0
823 0 0 1.57988156961e-07 0
824 0 0 1.57988156961e-07 0
825 0 0 0 1.57988156961e-07
826 0 0 0 1.57988156961e-07
827 0 0 0 1.57988156961e-07
828 0 0 1.57988156961e-07 0
829 0 0 1.57988156961e-07 0
830 0 0 0 1.57988156961e-07
831 0 0 1.57988156961e-07 0
832 0 0 1.57988156961e-07 0
833 0 0 1.57988156961e-07 0
834 0 0 1.57988156961e-07 0
835 0 0 1.57988156961e-07 0
836 0 0 1.57988156961e-07 0
837 0 0 0 1.57988156961e-07
838 0 0 0 1.57988156958e-07
839 0 0 0 1.57988156961e-07
840 0 0 0 1.57988156961e-07
