1 0 64.9986264231 0 0
2 0 35.8615788284 0 0
3 0 30.0178711443 0 0
4 30.0178711443 0 0 0
5 28.2025264485 0 0 0
6 26.6488767108 0 0 0
7 0 28.2025264485 0 0
8 0 32.3255133388 0 0
9 0 35.8615788284 0 0
10 0 35.8615788284 0 0
11 0 64.9986264231 0 0
12 0 64.9986264231 0 0
13 0 64.9986264231 0 0
14 0 64.9986264231 0 0
15 0 64.9986264231 0 0
16 0 64.9986264231 0 0
17 0 64.9986264231 0 0
18 64.9986264231 0 0 0
19 64.9986264231 0 0 0
20 64.9986264231 0 0 0
21 0 64.9986264231 0 0
22 0 64.9986264231 0 0
23 0 64.9986264231 0 0
24 0 64.9986264231 0 0
25 0 64.9986264231 0 0
26 0 35.8615788284 0 0
27 0 35.8615788284 0 0
28 0 35.8615788284 0 0
29 0 35.8615788284 0 0
30 0 35.8615788284 0 0
31 0 64.9986264231 0 0
32 0 64.9986264231 0 0
33 0 64.9986264231 0 0
34 0 64.9986264231 0 0
35 0 64.9986264231 0 0
36 0 64.9986264231 0 0
37 0 64.9986264231 0 0
38 0 64.9986264231 0 0
39 0 64.9986264231 0 0
40 0 64.9986264231 0 0
41 0 64.9986264231 0 0
42 0 64.9986264231 0 0
43 0 35.8615788284 0 0
44 0 35.8615788284 0 0
45 0 35.8615788284 0 0
46 0 64.9986264231 0 0
47 0 64.9986264231 0 0
48 0 64.9986264231 0 0
49 0 64.9986264231 0 0
50 0 35.8615788284 0 0
51 0 35.8615788284 0 0
52 0 35.8615788284 0 0
53 0 35.8615788284 0 0
54 0 35.8615788284 0 0
55 0 35.8615788284 0 0
56 0 35.8615788284 0 0
57 0 35.8615788284 0 0
58 0 64.9986264231 0 0
59 0 64.9986264231 0 0
60 0 64.9986264231 0 0
61 0 64.9986264231 0 0
62 0 64.9986264231 0 0
63 0 64.9986264231 0 0
64 0 64.9986264231 0 0
65 0 64.9986264231 0 0
66 0 64.9986264231 0 0
67 0 64.9986264231 0 0
68 0 64.9986264231 0 0
69 0 64.9986264231 0 0
70 0 64.9986264231 0 0
71 0 64.9986264231 0 0
72 0 64.9986264231 0 0
73 0 64.9986264231 0 0
74 0 64.9986264231 0 0
75 0 64.9986264231 0 0
76 0 64.9986264231 0 0
77 0 64.9986264231 0 0
78 0 64.9986264231 0 0
79 0 64.9986264231 0 0
80 0 64.9986264231 0 0
81 0 64.9986264231 0 0
82 0 64.9986264231 0 0
83 0 64.9986264231 0 0
84 0 64.9986264231 0 0
85 0 64.9986264231 0 0
86 0 64.9986264231 0 0
87 0 64.9986264231 0 0
88 0 64.9986264231 0 0
89 0 64.9986264231 0 0
90 0 64.9986264231 0 0
91 0 64.9986264231 0 0
92 0 64.9986264231 0 0
93 0 64.9986264231 0 0
94 64.9986264231 0 0 0
95 35.8615788284 0 0 0
96 0 35.8615788284 0 0
97 0 30.0178711443 0 0
98 0 28.2025264485 0 0
99 0 0 26.6488767108 0
100 0 30.0178711443 0 0
101 0 32.3255133388 0 0
102 0 64.9986264231 0 0
103 0 64.9986264231 0 0
104 0 64.9986264231 0 0
105 0 64.9986264231 0 0
106 0 64.9986264231 0 0
107 0 64.9986264231 0 0
108 0 64.9986264231 0 0
109 64.9986264231 0 0 0
110 64.9986264231 0 0 0
111 64.9986264231 0 0 0
112 0 64.9986264231 0 0
113 0 64.9986264231 0 0
114 0 64.9986264231 0 0
115 0 64.9986264231 0 0
116 0 64.9986264231 0 0
117 0 64.9986264231 0 0
118 0 64.9986264231 0 0
119 0 64.9986264231 0 0
120 0 64.9986264231 0 0
121 0 64.9986264231 0 0
122 0 64.9986264231 0 0
123 0 64.9986264231 0 0
124 0 64.9986264231 0 0
125 0 64.9986264231 0 0
126 0 64.9986264231 0 0
127 0 64.9986264231 0 0
128 0 64.9986264231 0 0
129 0 64.9986264231 0 0
130 0 64.9986264231 0 0
131 0 64.9986264231 0 0
132 0 64.9986264231 0 0
133 0 64.9986264231 0 0
134 0 64.9986264231 0 0
135 0 64.9986264231 0 0
136 0 64.9986264231 0 0
137 0 64.9986264231 0 0
138 0 64.9986264231 0 0
139 0 64.9986264231 0 0
140 0 64.9986264231 0 0
141 0 64.9986264231 0 0
142 0 64.9986264231 0 0
143 0 64.9986264231 0 0
144 0 64.9986264231 0 0
145 0 64.9986264231 0 0
146 0 64.9986264231 0 0
147 0 64.9986264231 0 0
148 0 64.9986264231 0 0
149 0 64.9986264231 0 0
150 0 64.9986264231 0 0
151 0 64.9986264231 0 0
152 0 64.9986264231 0 0
153 0 64.9986264231 0 0
154 0 64.9986264231 0 0
155 0 64.9986264231 0 0
156 0 64.9986264231 0 0
157 0 64.9986264231 0 0
158 0 64.9986264231 0 0
159 0 64.9986264231 0 0
160 0 64.9986264231 0 0
161 0 64.9986264231 0 0
162 0 64.9986264231 0 0
163 0 64.9986264231 0 0
164 0 64.9986264231 0 0
165 0 64.9986264231 0 0
166 0 64.9986264231 0 0
167 0 64.9986264231 0 0
168 0 64.9986264231 0 0
169 0 0 35.8417176221 0
170 0 0 58.994529112 0
171 0 0 58.994529112 0
172 0 0 58.994529112 0
173 0 0 58.994529112 0
174 0 0 58.994529112 0
175 0 0 58.994529112 0
176 0 0 58.994529112 0
177 0 0 58.994529112 0
178 0 0 58.994529112 0
179 0 0 58.994529112 0
180 0 0 58.994529112 0
181 0 0 58.994529112 0
182 0 0 58.994529112 0
183 0 0 58.994529112 0
184 0 0 58.994529112 0
185 0 0 58.994529112 0
186 0 0 58.994529112 0
187 0 0 58.994529112 0
188 0 0 58.994529112 0
189 0 0 58.994529112 0
190 0 0 58.994529112 0
191 0 0 58.994529112 0
192 0 0 58.994529112 0
193 0 0 58.994529112 0
194 0 0 58.994529112 0
195 0 0 58.994529112 0
196 0 0 58.994529112 0
197 0 0 58.994529112 0
198 0 0 58.994529112 0
199 0 0 58.994529112 0
200 0 0 58.994529112 0
201 0 0 58.994529112 0
202 0 0 58.994529112 0
203 0 0 58.994529112 0
204 0 0 58.994529112 0
205 0 0 58.994529112 0
206 0 0 58.994529112 0
207 0 0 58.994529112 0
208 0 0 58.994529112 0
209 0 0 58.994529112 0
210 0 0 58.994529112 0
211 0 0 58.994529112 0
212 0 0 58.994529112 0
213 0 0 58.994529112 0
214 0 0 58.994529112 0
215 0 0 58.994529112 0
216 0 0 58.994529112 0
217 0 0 58.994529112 0
218 0 0 58.994529112 0
219 0 0 58.994529112 0
220 0 0 58.994529112 0
221 0 0 58.994529112 0
222 0 0 58.994529112 0
223 0 0 58.994529112 0
224 0 0 58.994529112 0
225 0 0 58.994529112 0
226 0 0 58.994529112 0
227 0 0 58.994529112 0
228 0 0 58.994529112 0
229 0 0 58.994529112 0
230 0 0 58.994529112 0
231 0 0 58.994529112 0
232 0 0 58.994529112 0
233 0 0 58.994529112 0
234 0 0 58.994529112 0
235 0 0 58.994529112 0
236 0 0 58.994529112 0
237 0 0 58.994529112 0
238 0 0 58.994529112 0
239 0 0 58.994529112 0
240 0 0 58.994529112 0
241 0 0 58.994529112 0
242 0 0 58.994529112 0
243 0 0 58.994529112 0
244 0 0 58.994529112 0
245 0 0 58.994529112 0
246 0 0 58.994529112 0
247 0 0 58.994529112 0
248 0 0 58.994529112 0
249 0 0 58.994529112 0
250 0 0 58.994529112 0
251 0 0 58.994529112 0
252 0 0 58.994529112 0
253 0 0 35.8417176221 0
254 0 0 35.8417176221 0
255 0 0 58.994529112 0
256 0 0 0 58.994529112
257 0 0 0 58.994529112
258 0 0 0 58.994529112
259 0 0 35.8417176221 0
260 0 0 35.8417176221 0
261 0 0 35.8417176221 0
262 0 0 35.8417176221 0
263 0 0 35.8417176221 0
264 0 0 35.8417176221 0
265 0 0 35.8417176221 0
266 0 0 35.8417176221 0
267 0 0 35.8417176221 0
268 0 0 35.8417176221 0
269 0 0 35.8417176221 0
270 0 0 35.8417176221 0
271 0 0 35.8417176221 0
272 0 0 35.8417176221 0
273 0 0 35.8417176221 0
274 0 0 35.8417176221 0
275 0 0 35.8417176221 0
276 0 0 35.8417176221 0
277 0 0 35.8417176221 0
278 0 0 35.8417176221 0
279 0 0 35.8417176221 0
280 0 0 35.8417176221 0
281 0 0 35.8417176221 0
282 0 0 35.8417176221 0
283 0 0 35.8417176221 0
284 0 0 35.8417176221 0
285 0 0 35.8417176221 0
286 0 0 35.8417176221 0
287 0 0 35.8417176221 0
288 0 0 35.8417176221 0
289 0 0 35.8417176221 0
290 0 0 35.8417176221 0
291 0 0 35.8417176221 0
292 0 0 35.8417176221 0
293 0 0 35.8417176221 0
294 0 0 35.8417176221 0
295 0 0 35.8417176221 0
296 0 0 35.8417176221 0
297 0 0 35.8417176221 0
298 0 0 35.8417176221 0
299 0 0 35.8417176221 0
300 0 0 35.8417176221 0
301 0 0 35.8417176221 0
302 0 0 35.8417176221 0
303 0 0 35.8417176221 0
304 0 0 35.8417176221 0
305 0 0 35.8417176221 0
306 0 0 35.8417176221 0
307 0 0 35.8417176221 0
308 0 0 35.8417176221 0
309 0 0 35.8417176221 0
310 0 0 35.8417176221 0
311 0 0 35.8417176221 0
312 0 0 35.8417176221 0
313 0 0 35.8417176221 0
314 0 0 35.8417176221 0
315 0 0 35.8417176221 0
316 0 0 35.8417176221 0
317 0 0 35.8417176221 0
318 0 0 35.8417176221 0
319 0 0 35.8417176221 0
320 0 0 35.8417176221 0
321 0 0 35.8417176221 0
322 0 0 35.8417176221 0
323 0 0 35.8417176221 0
324 0 0 35.8417176221 0
325 0 0 35.8417176221 0
326 0 0 35.8417176221 0
327 0 0 35.8417176221 0
328 0 0 35.8417176221 0
329 0 0 32.3144257269 0
330 0 0 30.0096635128 0
331 0 0 0 26.6428866764
332 0 0 0 26.6428866764
333 0 0 0 28.1957226164
334 0 0 28.1957226164 0
335 0 0 32.3144257269 0
336 0 0 32.3144257269 0
337 0 0 54.986244642 0
338 0 0 54.986244642 0
339 0 0 54.986244642 0
340 0 0 54.986244642 0
341 0 0 54.986244642 0
342 0 0 54.986244642 0
343 0 0 54.986244642 0
344 0 0 54.986244642 0
345 0 0 54.986244642 0
346 0 0 54.986244642 0
347 0 0 54.986244642 0
348 0 0 54.986244642 0
349 0 0 54.986244642 0
350 0 0 54.986244642 0
351 0 0 54.986244642 0
352 0 0 54.986244642 0
353 0 0 54.986244642 0
354 0 0 54.986244642 0
355 0 0 54.986244642 0
356 0 0 54.986244642 0
357 0 0 54.986244642 0
358 0 0 54.986244642 0
359 0 0 54.986244642 0
360 0 0 54.986244642 0
361 0 0 54.986244642 0
362 0 0 54.986244642 0
363 0 0 54.986244642 0
364 0 0 54.986244642 0
365 0 0 54.986244642 0
366 0 0 54.986244642 0
367 0 0 54.986244642 0
368 0 0 54.986244642 0
369 0 0 54.986244642 0
370 0 0 54.986244642 0
371 0 0 54.986244642 0
372 0 0 54.986244642 0
373 0 0 54.986244642 0
374 0 0 54.986244642 0
375 0 0 54.986244642 0
376 0 0 54.986244642 0
377 0 0 54.986244642 0
378 0 0 54.986244642 0
379 0 0 54.986244642 0
380 0 0 54.986244642 0
381 0 0 54.986244642 0
382 0 0 54.986244642 0
383 0 0 54.986244642 0
384 0 0 54.986244642 0
385 0 0 54.986244642 0
386 0 0 54.986244642 0
387 0 0 54.986244642 0
388 0 0 54.986244642 0
389 0 0 54.986244642 0
390 0 0 54.986244642 0
391 0 0 54.986244642 0
392 0 0 54.986244642 0
393 0 0 54.986244642 0
394 0 0 54.986244642 0
395 0 0 54.986244642 0
396 0 0 54.986244642 0
397 0 0 54.986244642 0
398 0 0 54.986244642 0
399 0 0 54.986244642 0
400 0 0 54.986244642 0
401 0 0 54.986244642 0
402 0 0 54.986244642 0
403 0 0 54.986244642 0
404 0 0 54.986244642 0
405 0 0 54.986244642 0
406 0 0 54.986244642 0
407 0 0 54.986244642 0
408 0 0 54.986244642 0
409 0 0 54.986244642 0
410 0 0 54.986244642 0
411 0 0 54.986244642 0
412 0 0 54.986244642 0
413 0 0 54.986244642 0
414 0 0 54.986244642 0
415 0 0 54.986244642 0
416 0 0 54.986244642 0
417 0 0 54.986244642 0
418 0 0 54.986244642 0
419 0 0 54.986244642 0
420 0 0 54.986244642 0
421 0 0 35.784662955 0
422 0 0 35.784662955 0
423 0 0 35.784662955 0
424 0 0 35.784662955 0
425 0 0 35.784662955 0
426 0 0 35.784662955 0
427 0 0 35.784662955 0
428 0 0 0 35.784662955
429 0 0 0 35.784662955
430 0 0 0 35.784662955
431 0 0 35.784662955 0
432 0 0 35.784662955 0
433 0 0 35.784662955 0
434 0 0 35.784662955 0
435 0 0 35.784662955 0
436 0 0 35.784662955 0
437 0 0 35.784662955 0
438 0 0 35.784662955 0
439 0 0 35.784662955 0
440 0 0 35.784662955 0
441 0 0 35.784662955 0
442 0 0 35.784662955 0
443 0 0 35.784662955 0
444 0 0 35.784662955 0
445 0 0 35.784662955 0
446 0 0 35.784662955 0
447 0 0 35.784662955 0
448 0 0 35.784662955 0
449 0 0 35.784662955 0
450 0 0 35.784662955 0
451 0 0 35.784662955 0
452 0 0 53.9826759181 0
453 0 0 53.9826759181 0
454 0 0 53.9826759181 0
455 0 0 53.9826759181 0
456 0 0 35.784662955 0
457 0 0 35.784662955 0
458 0 0 35.784662955 0
459 0 0 35.784662955 0
460 0 0 35.784662955 0
461 0 0 35.784662955 0
462 0 0 35.784662955 0
463 0 0 35.784662955 0
464 0 0 35.784662955 0
465 0 0 35.784662955 0
466 0 0 35.784662955 0
467 0 0 35.784662955 0
468 0 0 35.784662955 0
469 0 0 35.784662955 0
470 0 0 35.784662955 0
471 0 0 35.784662955 0
472 0 0 35.784662955 0
473 0 0 35.784662955 0
474 0 0 35.784662955 0
475 0 0 35.784662955 0
476 0 0 35.784662955 0
477 0 0 35.784662955 0
478 0 0 35.784662955 0
479 0 0 35.784662955 0
480 0 0 35.784662955 0
481 0 0 35.784662955 0
482 0 0 35.784662955 0
483 0 0 35.784662955 0
484 0 0 35.784662955 0
485 0 0 35.784662955 0
486 0 0 35.784662955 0
487 0 0 35.784662955 0
488 0 0 35.784662955 0
489 0 0 35.784662955 0
490 0 0 35.784662955 0
491 0 0 35.784662955 0
492 0 0 35.784662955 0
493 0 0 35.784662955 0
494 0 0 35.784662955 0
495 0 0 35.784662955 0
496 0 0 35.784662955 0
497 0 0 35.784662955 0
498 0 0 35.784662955 0
499 0 0 35.784662955 0
500 0 0 35.784662955 0
501 0 0 35.784662955 0
502 0 0 35.784662955 0
503 0 0 35.784662955 0
504 0 0 35.784662955 0
505 0 0 55.9890772918 0
506 0 0 55.9890772918 0
507 0 0 55.9890772918 0
508 0 0 55.9890772918 0
509 0 0 55.9890772918 0
510 0 0 55.9890772918 0
511 0 0 32.2997003193 0
512 0 0 28.186676106 0
513 0 0 28.186676106 0
514 0 0 29.9987545861 0
515 0 0 35.8154018244 0
516 0 0 0 35.8154018244
517 0 0 55.9890772918 0
518 0 0 0 55.9890772918
519 0 0 32.2997003193 0
520 0 0 29.9987545861 0
521 0 0 28.186676106 0
522 0 0 28.186676106 0
523 0 0 28.186676106 0
524 0 0 32.2997003193 0
525 0 0 0 55.9890772918
526 0 0 0 55.9890772918
527 0 0 55.9890772918 0
528 0 0 55.9890772918 0
529 0 0 35.8154018244 0
530 0 0 32.2997003193 0
531 0 0 32.2997003193 0
532 0 0 0 28.186676106
533 0 0 0 32.2997003193
534 0 0 32.2997003193 0
535 0 0 32.2997003193 0
536 0 0 32.2997003193 0
537 0 0 32.2997003193 0
538 0 0 32.2997003193 0
539 0 0 32.2997003193 0
540 0 0 0 55.9890772918
541 0 0 0 55.9890772918
542 0 0 0 55.9890772918
543 0 0 55.9890772918 0
544 0 0 55.9890772918 0
545 0 0 0 32.2997003193
546 0 0 0 32.2997003193
547 0 0 28.186676106 0
548 0 0 29.9987545861 0
549 0 0 29.9987545861 0
550 0 0 32.2997003193 0
551 0 0 55.9890772918 0
552 0 0 32.2997003193 0
553 0 0 0 32.2997003193
554 0 0 0 28.186676106
555 0 0 0 29.9987545861
556 0 0 29.9987545861 0
557 0 0 32.2997003193 0
558 0 0 55.9890772918 0
559 0 0 0 55.9890772918
560 0 0 0 55.9890772918
561 0 0 55.9890772918 0
562 0 0 55.9890772918 0
563 0 0 55.9890772918 0
564 0 0 55.9890772918 0
565 0 0 55.9890772918 0
566 0 0 55.9890772918 0
567 0 0 55.9890772918 0
568 0 0 32.2997003193 0
569 0 0 28.186676106 0
570 0 0 28.186676106 0
571 0 0 28.186676106 0
572 0 0 0 32.2997003193
573 0 0 35.8154018244 0
574 0 0 0 55.9890772918
575 0 0 55.9890772918 0
576 0 0 55.9890772918 0
577 0 0 55.9890772918 0
578 0 0 32.2997003193 0
579 0 0 32.2997003193 0
580 0 0 29.9987545861 0
581 0 0 0 28.186676106
582 0 0 0 29.9987545861
583 0 0 35.8154018244 0
584 0 0 35.8154018244 0
585 0 0 32.2997003193 0
586 0 0 0 32.2997003193
587 0 0 0 28.186676106
588 0 0 0 28.186676106
589 0 0 32.2920617004 0
590 0 0 29.9930919443 0
591 0 0 26.6307832187 0
592 0 0 26.6307832187 0
593 0 0 26.6307832187 0
594 0 0 29.9930919443 0
595 0 0 35.8017784206 0
596 0 0 0 54.986244642
597 0 0 0 54.986244642
598 0 0 0 54.986244642
599 0 0 54.986244642 0
600 0 0 54.986244642 0
601 0 0 54.986244642 0
602 0 0 54.986244642 0
603 0 0 54.986244642 0
604 0 0 0 54.986244642
605 0 0 54.986244642 0
606 0 0 0 54.986244642
607 0 0 54.986244642 0
608 0 0 54.986244642 0
609 0 0 54.986244642 0
610 0 0 35.8017784206 0
611 0 0 35.8017784206 0
612 0 0 35.8017784206 0
613 0 0 54.986244642 0
614 0 0 54.986244642 0
615 0 0 54.986244642 0
616 0 0 54.986244642 0
617 0 0 54.986244642 0
618 0 0 54.986244642 0
619 0 0 54.986244642 0
620 0 0 54.986244642 0
621 0 0 35.8017784206 0
622 0 0 35.8017784206 0
623 0 0 54.986244642 0
624 0 0 54.986244642 0
625 0 0 35.8017784206 0
626 0 0 35.8017784206 0
627 0 0 35.8017784206 0
628 0 0 35.8017784206 0
629 0 0 54.986244642 0
630 0 0 54.986244642 0
631 0 0 54.986244642 0
632 0 0 54.986244642 0
633 0 0 54.986244642 0
634 0 0 35.8017784206 0
635 0 0 35.8017784206 0
636 0 0 54.986244642 0
637 0 0 54.986244642 0
638 0 0 54.986244642 0
639 0 0 54.986244642 0
640 0 0 54.986244642 0
641 0 0 35.8017784206 0
642 0 0 35.8017784206 0
643 0 0 35.8017784206 0
644 0 0 35.8017784206 0
645 0 0 35.8017784206 0
646 0 0 35.8017784206 0
647 0 0 35.8017784206 0
648 0 0 35.8017784206 0
649 0 0 54.986244642 0
650 0 0 54.986244642 0
651 0 0 54.986244642 0
652 0 0 54.986244642 0
653 0 0 35.8017784206 0
654 0 0 54.986244642 0
655 0 0 54.986244642 0
656 0 0 54.986244642 0
657 0 0 54.986244642 0
658 0 0 54.986244642 0
659 0 0 54.986244642 0
660 0 0 35.8017784206 0
661 0 0 35.8017784206 0
662 0 0 35.8017784206 0
663 0 0 35.8017784206 0
664 0 0 35.8017784206 0
665 0 0 35.8017784206 0
666 0 0 35.8017784206 0
667 0 0 54.986244642 0
668 0 0 54.986244642 0
669 0 0 54.986244642 0
670 0 0 54.986244642 0
671 0 0 35.8017784206 0
672 0 0 35.8017784206 0
673 0 0 30.0032525814 0
674 0 0 32.3057703677 0
675 0 0 32.3057703677 0
676 0 0 32.3057703677 0
677 0 0 26.63820577 0
678 0 0 26.63820577 0
679 0 0 28.1904066552 0
680 0 0 32.3057703677 0
681 0 0 56.9913260296 0
682 0 0 56.9913260296 0
683 0 0 56.9913260296 0
684 0 0 56.9913260296 0
685 0 0 0 35.8262411107
686 0 0 0 30.0032525814
687 0 0 26.63820577 0
688 0 0 26.63820577 0
689 0 0 0 30.0032525814
690 0 0 0 32.3057703677
691 0 0 0 32.3057703677
692 0 0 0 56.9913260296
693 0 0 56.9913260296 0
694 0 0 56.9913260296 0
695 0 0 56.9913260296 0
696 0 0 56.9913260296 0
697 0 0 56.9913260296 0
698 0 0 0 56.9913260296
699 0 0 56.9913260296 0
700 0 0 0 32.3057703677
701 0 0 26.63820577 0
702 0 0 26.63820577 0
703 0 0 26.63820577 0
704 0 0 32.3057703677 0
705 0 0 35.8262411107 0
706 0 0 35.8262411107 0
707 0 0 56.9913260296 0
708 0 0 56.9913260296 0
709 0 0 0 56.9913260296
710 0 0 0 56.9913260296
711 0 0 0 56.9913260296
712 0 0 0 56.9913260296
713 0 0 56.9913260296 0
714 0 0 56.9913260296 0
715 0 0 56.9913260296 0
716 0 0 56.9913260296 0
717 0 0 56.9913260296 0
718 0 0 56.9913260296 0
719 0 0 56.9913260296 0
720 0 0 56.9913260296 0
721 0 0 56.9913260296 0
722 0 0 56.9913260296 0
723 0 0 56.9913260296 0
724 0 0 56.9913260296 0
725 0 0 56.9913260296 0
726 0 0 56.9913260296 0
727 0 0 56.9913260296 0
728 0 0 56.9913260296 0
729 0 0 56.9913260296 0
730 0 0 56.9913260296 0
731 0 0 56.9913260296 0
732 0 0 56.9913260296 0
733 0 0 56.9913260296 0
734 0 0 56.9913260296 0
735 0 0 56.9913260296 0
736 0 0 56.9913260296 0
737 0 0 56.9913260296 0
738 0 0 56.9913260296 0
739 0 0 56.9913260296 0
740 0 0 56.9913260296 0
741 0 0 56.9913260296 0
742 0 0 56.9913260296 0
743 0 0 56.9913260296 0
744 0 0 56.9913260296 0
745 0 0 56.9913260296 0
746 0 0 56.9913260296 0
747 0 0 56.9913260296 0
748 0 0 56.9913260296 0
749 0 0 56.9913260296 0
750 0 0 56.9913260296 0
751 0 0 56.9913260296 0
752 0 0 56.9913260296 0
753 0 0 56.9913260296 0
754 0 0 56.9913260296 0
755 0 0 56.9913260296 0
756 0 0 56.9913260296 0
757 0 0 56.9913260296 0
758 0 0 56.9913260296 0
759 0 0 56.9913260296 0
760 0 0 0 56.9913260296
761 0 0 0 56.9913260296
762 0 0 0 56.9913260296
763 0 0 56.9913260296 0
764 0 0 56.9913260296 0
765 0 0 56.9913260296 0
766 0 0 56.9913260296 0
767 0 0 56.9913260296 0
768 0 0 56.9913260296 0
769 0 0 56.9913260296 0
770 0 0 56.9913260296 0
771 0 0 56.9913260296 0
772 0 0 56.9913260296 0
773 0 0 56.9913260296 0
774 0 0 56.9913260296 0
775 0 0 56.9913260296 0
776 0 0 56.9913260296 0
777 0 0 56.9913260296 0
778 0 0 56.9913260296 0
779 0 0 56.9913260296 0
780 0 0 56.9913260296 0
781 0 0 56.9913260296 0
782 0 0 56.9913260296 0
783 0 0 56.9913260296 0
784 0 0 56.9913260296 0
785 0 0 56.9913260296 0
786 0 0 56.9913260296 0
787 0 0 56.9913260296 0
788 0 0 56.9913260296 0
789 0 0 56.9913260296 0
790 0 0 56.9913260296 0
791 0 0 56.9913260296 0
792 0 0 56.9913260296 0
793 0 0 56.9913260296 0
794 0 0 56.9913260296 0
795 0 0 56.9913260296 0
796 0 0 56.9913260296 0
797 0 0 56.9913260296 0
798 0 0 56.9913260296 0
799 0 0 56.9913260296 0
800 0 0 56.9913260296 0
801 0 0 56.9913260296 0
802 0 0 56.9913260296 0
803 0 0 56.9913260296 0
804 0 0 56.9913260296 0
805 0 0 56.9913260296 0
806 0 0 56.9913260296 0
807 0 0 56.9913260296 0
808 0 0 56.9913260296 0
809 0 0 56.9913260296 0
810 0 0 56.9913260296 0
811 0 0 56.9913260296 0
812 0 0 56.9913260296 0
813 0 0 56.9913260296 0
814 0 0 56.9913260296 0
815 0 0 56.9913260296 0
816 0 0 56.9913260296 0
817 0 0 56.9913260296 0
818 0 0 56.9913260296 0
819 0 0 56.9913260296 0
820 0 0 56.9913260296 0
821 0 0 56.9913260296 0
822 0 0 56.9913260296 0
823 0 0 56.9913260296 0
824 0 0 56.9913260296 0
825 0 0 56.9913260296 0
826 0 0 56.9913260296 0
827 0 0 56.9913260296 0
828 0 0 56.9913260296 0
829 0 0 56.9913260296 0
830 0 0 56.9913260296 0
831 0 0 56.9913260296 0
832 0 0 56.9913260296 0
833 0 0 56.9913260296 0
834 0 0 56.9913260296 0
835 0 0 56.9913260296 0
836 0 0 56.9913260296 0
837 0 0 56.9913260296 0
838 0 0 56.9913260296 0
839 0 0 56.9913260296 0
840 0 0 56.9913260296 0
841 0 0 59.9956548823 0
842 0 0 59.9956548823 0
843 0 0 59.9956548823 0
844 0 0 59.9956548823 0
845 0 0 59.9956548823 0
846 0 0 59.9956548823 0
847 0 0 59.9956548823 0
848 0 0 59.9956548823 0
849 0 0 59.9956548823 0
850 0 0 59.9956548823 0
851 0 0 59.9956548823 0
852 0 0 59.9956548823 0
853 0 0 59.9956548823 0
854 0 0 59.9956548823 0
855 0 0 59.9956548823 0
856 0 0 59.9956548823 0
857 0 0 59.9956548823 0
858 0 0 59.9956548823 0
859 0 0 59.9956548823 0
860 0 0 59.9956548823 0
861 0 0 59.9956548823 0
862 0 0 59.9956548823 0
863 0 0 59.9956548823 0
864 0 0 59.9956548823 0
865 0 0 59.9956548823 0
866 0 0 59.9956548823 0
867 0 0 59.9956548823 0
868 0 0 59.9956548823 0
869 0 0 59.9956548823 0
870 0 0 59.9956548823 0
871 0 0 59.9956548823 0
872 0 0 59.9956548823 0
873 0 0 59.9956548823 0
874 0 0 59.9956548823 0
875 0 0 59.9956548823 0
876 0 0 59.9956548823 0
877 0 0 59.9956548823 0
878 0 0 59.9956548823 0
879 0 0 59.9956548823 0
880 0 0 59.9956548823 0
881 0 0 59.9956548823 0
882 0 0 59.9956548823 0
883 0 0 59.9956548823 0
884 0 0 59.9956548823 0
885 0 0 59.9956548823 0
886 0 0 59.9956548823 0
887 0 0 59.9956548823 0
888 0 0 59.9956548823 0
889 0 0 59.9956548823 0
890 0 0 59.9956548823 0
891 0 0 59.9956548823 0
892 0 0 59.9956548823 0
893 0 0 59.9956548823 0
894 0 0 59.9956548823 0
895 0 0 59.9956548823 0
896 0 0 59.9956548823 0
897 0 0 59.9956548823 0
898 0 0 59.9956548823 0
899 0 0 59.9956548823 0
900 0 0 59.9956548823 0
901 0 0 59.9956548823 0
902 0 0 59.9956548823 0
903 0 0 59.9956548823 0
904 0 0 59.9956548823 0
905 0 0 59.9956548823 0
906 0 0 59.9956548823 0
907 0 0 59.9956548823 0
908 0 0 59.9956548823 0
909 0 0 59.9956548823 0
910 0 0 59.9956548823 0
911 0 0 59.9956548823 0
912 0 0 59.9956548823 0
913 0 0 59.9956548823 0
914 0 0 59.9956548823 0
915 0 0 59.9956548823 0
916 0 0 59.9956548823 0
917 0 0 59.9956548823 0
918 0 0 59.9956548823 0
919 0 0 59.9956548823 0
920 0 0 59.9956548823 0
921 0 0 59.9956548823 0
922 0 0 59.9956548823 0
923 0 0 59.9956548823 0
924 0 0 59.9956548823 0
925 0 0 0 30.0096635128
926 0 0 0 26.6428866764
927 0 0 0 23.9596954631
928 0 0 23.9596954631 0
929 0 0 25.248971221 0
930 0 0 28.1957226164 0
931 0 0 30.0096635128 0
932 0 0 28.1957226164 0
933 0 0 0 25.248971221
934 0 0 0 23.9596954631
935 0 0 0 26.6428866764
936 0 0 26.6428866764 0
937 0 0 30.0096635128 0
938 0 0 58.994529112 0
939 0 0 58.994529112 0
940 0 0 0 58.994529112
941 0 0 0 58.994529112
942 0 0 0 58.994529112
943 0 0 58.994529112 0
944 0 0 58.994529112 0
945 0 0 0 58.994529112
946 0 0 0 58.994529112
947 0 0 0 58.994529112
948 0 0 58.994529112 0
949 0 0 58.994529112 0
950 0 0 58.994529112 0
951 0 0 58.994529112 0
952 0 0 32.3144257269 0
953 0 0 23.9596954631 0
954 0 0 23.9596954631 0
955 0 0 23.9596954631 0
956 0 0 26.6428866764 0
957 0 0 32.3144257269 0
958 0 0 32.3144257269 0
959 0 0 58.994529112 0
960 0 0 26.6428866764 0
961 0 0 23.9596954631 0
962 0 0 0 23.9596954631
963 0 0 23.9596954631 0
964 0 0 0 30.0096635128
965 0 0 32.3144257269 0
966 0 0 32.3144257269 0
967 0 0 25.248971221 0
968 0 0 0 22.7429031752
969 0 0 0 22.7429031752
970 0 0 0 23.9596954631
971 0 0 26.6428866764 0
972 0 0 26.6428866764 0
973 0 0 26.6428866764 0
974 0 0 0 22.7429031752
975 0 0 0 25.248971221
976 0 0 25.248971221 0
977 0 0 28.1957226164 0
978 0 0 0 35.8417176221
979 0 0 0 58.994529112
980 0 0 0 58.994529112
981 0 0 58.994529112 0
982 0 0 58.994529112 0
983 0 0 35.8417176221 0
984 0 0 35.8417176221 0
985 0 0 28.1957226164 0
986 0 0 23.9596954631 0
987 0 0 23.9596954631 0
988 0 0 0 25.248971221
989 0 0 0 30.0096635128
990 0 0 0 35.8417176221
991 0 0 35.8417176221 0
992 0 0 58.994529112 0
993 0 0 28.1957226164 0
994 0 0 25.248971221 0
995 0 0 0 23.9596954631
996 0 0 0 25.248971221
997 0 0 0 28.1957226164
998 0 0 26.6428866764 0
999 0 0 26.6428866764 0
1000 0 0 0 25.248971221
1001 0 0 0 23.9596954631
1002 0 0 26.6428866764 0
1003 0 0 30.0096635128 0
1004 0 0 58.994529112 0
1005 0 0 58.994529112 0
1006 0 0 58.994529112 0
1007 0 0 35.8417176221 0
1008 0 0 0 35.8417176221
