1 0 0 -35.000545406 0
2 0 0 -35.000545406 0
3 0 0 -35.000545406 0
4 0 0 -35.0005454064 0
5 0 0 -35.0005454068 0
6 0 0 -35.0005454081 0
7 0 0 -35.0005454081 0
8 0 0 -35.0005454088 0
9 0 0 -35.0005454088 0
10 0 0 -35.0005454088 0
11 0 0 -35.0005454088 0
12 0 0 -35.0005454088 0
13 0 0 -35.0005454088 0
14 0 0 -35.0005454088 0
15 0 0 0 -35.0005454076
16 0 0 0 -35.0005454072
17 0 0 0 -35.0005454064
18 0 0 0 -35.0005454064
19 0 0 0 -35.0005454061
20 0 0 0 -35.0005454059
21 0 0 0 -35.0005454059
22 0 0 0 -35.0005454059
23 0 0 0 -35.0005454059
24 0 0 0 -35.0005454059
25 0 0 0 -35.0005454059
26 0 0 0 -35.0005454059
27 0 0 -35.0005454059 0
28 0 0 -35.0005454059 0
29 0 0 -35.0005454059 0
30 0 0 -35.0005454059 0
31 0 0 -35.0005454059 0
32 0 0 -35.0005454059 0
33 0 0 -35.0005454059 0
34 0 0 -35.0005454059 0
35 0 0 -35.0005454059 0
36 0 0 -35.0005454059 0
37 0 0 -35.0005454059 0
38 0 0 -35.0005454059 0
39 0 0 -35.0005454059 0
40 0 0 -35.0005454059 0
41 0 0 -35.0005454059 0
42 0 0 -35.0005454059 0
43 0 0 -35.0005454059 0
44 0 0 -35.0005454059 0
45 0 0 -35.0005454059 0
46 0 0 -35.0005454059 0
47 0 0 -35.0005454059 0
48 0 0 -35.0005454059 0
49 0 0 -35.0005454059 0
50 0 0 -35.0005454059 0
51 0 0 -35.0005454059 0
52 0 0 -35.0005454062 0
53 0 0 -35.0005454064 0
54 0 0 -35.0005454066 0
55 0 0 -35.0005454066 0
56 0 0 0 -35.0005454066
57 0 0 0 -35.0005454066
58 0 0 -35.0005454066 0
59 0 0 0 -35.0005454066
60 0 0 0 -35.0005454064
61 0 0 0 -35.0005454061
62 0 0 -35.0005454059 0
63 0 0 -35.0005454059 0
64 0 0 -35.0005454059 0
65 0 0 -35.0005454059 0
66 0 0 -35.0005454059 0
67 0 0 -35.0005454059 0
68 0 0 -35.0005454059 0
69 0 0 -35.0005454059 0
70 0 0 -35.0005454059 0
71 0 0 0 -35.0005454062
72 0 0 0 -35.0005454066
73 0 0 -35.0005454064 0
74 0 0 -35.0005454064 0
75 0 0 -35.0005454061 0
76 0 0 -35.0005454059 0
77 0 0 -35.0005454059 0
78 0 0 -35.0005454059 0
79 0 0 -35.0005454059 0
80 0 0 -35.0005454059 0
81 0 0 -35.0005454059 0
82 0 0 -35.0005454059 0
83 0 0 -35.0005454059 0
84 0 0 -35.0005454059 0
85 0 0 -36.0006872744 0
86 0 0 -36.0006872744 0
87 0 0 -36.0006872744 0
88 0 0 -36.0006872744 0
89 0 0 -36.0006872744 0
90 0 0 -36.0006872744 0
91 0 0 -36.0006872744 0
92 0 0 0 -36.0006872744
93 0 0 0 -36.0006872744
94 0 0 -36.0006872744 0
95 0 0 -36.0006872744 0
96 0 0 -36.0006872744 0
97 0 0 -36.0006872744 0
98 0 0 -36.0006872744 0
99 0 0 -36.0006872744 0
100 0 0 -36.0006872744 0
101 0 0 -36.0006872744 0
102 0 0 -36.0006872744 0
103 0 0 -36.0006872744 0
104 0 0 -36.0006872744 0
105 0 0 -36.0006872744 0
106 0 0 -36.0006872744 0
107 0 0 -36.0006872744 0
108 0 0 -36.0006872744 0
109 0 0 -36.0006872744 0
110 0 0 -36.0006872744 0
111 0 0 -36.0006872744 0
112 0 0 -36.0006872744 0
113 0 0 -36.0006872744 0
114 0 0 -36.0006872746 0
115 0 0 -36.0006872748 0
116 0 0 -36.000687275 0
117 0 0 -36.000687275 0
118 0 0 -36.0006872748 0
119 0 0 -36.0006872746 0
120 0 0 -36.0006872744 0
121 0 0 0 -36.0006872744
122 0 0 0 -36.0006872744
123 0 0 0 -36.0006872744
124 0 0 -36.0006872744 0
125 0 0 -36.0006872744 0
126 0 0 -36.0006872744 0
127 0 0 -36.0006872744 0
128 0 0 -36.0006872744 0
129 0 0 -36.0006872744 0
130 0 0 -36.0006872744 0
131 0 0 -36.0006872744 0
132 0 0 -36.0006872744 0
133 0 0 -36.0006872744 0
134 0 0 -36.0006872744 0
135 0 0 -36.0006872744 0
136 0 0 -36.0006872744 0
137 0 0 -36.0006872744 0
138 0 0 -36.0006872744 0
139 0 0 -36.0006872744 0
140 0 0 -36.0006872744 0
141 0 0 -36.0006872744 0
142 0 0 -36.0006872744 0
143 0 0 -36.0006872744 0
144 0 0 -36.0006872744 0
145 0 0 -36.0006872744 0
146 0 0 -36.0006872744 0
147 0 0 -36.0006872744 0
148 0 0 -36.0006872744 0
149 0 0 -36.0006872744 0
150 0 0 -36.0006872744 0
151 0 0 -36.0006872744 0
152 0 0 -36.0006872744 0
153 0 0 -36.0006872744 0
154 0 0 -36.0006872744 0
155 0 0 -36.0006872744 0
156 0 0 -36.0006872744 0
157 0 0 -36.0006872744 0
158 0 0 -36.0006872744 0
159 0 0 -36.0006872744 0
160 0 0 -36.0006872744 0
161 0 0 -36.0006872744 0
162 0 0 -36.0006872744 0
163 0 0 -36.0006872744 0
164 0 0 -36.0006872744 0
165 0 0 -36.0006872744 0
166 0 0 -36.0006872744 0
167 0 0 -36.0006872744 0
168 0 0 -36.0006872744 0
169 0 0 -39.0013730305 0
170 0 0 -39.0013730305 0
171 0 0 -39.0013730305 0
172 0 0 -39.0013730305 0
173 0 0 -39.0013730305 0
174 0 0 -39.0013730305 0
175 0 0 -39.0013730305 0
176 0 0 -39.0013730305 0
177 0 0 -39.0013730305 0
178 0 0 -39.0013730305 0
179 0 0 -39.0013730305 0
180 0 0 -39.0013730305 0
181 0 0 -39.0013730305 0
182 0 0 -39.0013730306 0
183 0 0 -39.0013730309 0
184 0 0 -39.0013730312 0
185 0 0 -39.0013730314 0
186 0 0 -39.0013730314 0
187 0 0 -39.0013730314 0
188 0 0 -39.0013730314 0
189 0 0 -39.0013730314 0
190 0 0 -39.0013730314 0
191 0 0 -39.0013730316 0
192 0 0 0 -39.0013730314
193 0 0 0 -39.0013730314
194 0 0 0 -39.0013730314
195 0 0 0 -39.0013730314
196 0 0 0 -39.0013730314
197 0 0 0 -39.0013730314
198 0 0 0 -39.0013730314
199 0 0 0 -39.0013730314
200 0 0 0 -39.0013730314
201 0 0 0 -39.0013730314
202 0 0 0 -39.0013730314
203 0 0 0 -39.0013730314
204 0 0 0 -39.0013730314
205 0 0 0 -39.0013730314
206 0 0 0 -39.0013730314
207 0 0 0 -39.0013730314
208 0 0 0 -39.0013730314
209 0 0 0 -39.0013730314
210 0 0 0 -39.0013730314
211 0 0 0 -39.0013730316
212 0 0 0 -39.0013730316
213 0 0 0 -39.0013730314
214 0 0 0 -39.0013730314
215 0 0 0 -39.0013730314
216 0 0 0 -39.0013730314
217 0 0 0 -39.0013730314
218 0 0 0 -39.0013730314
219 0 0 0 -39.0013730314
220 0 0 0 -39.0013730314
221 0 0 0 -39.0013730314
222 0 0 0 -39.0013730314
223 0 0 0 -39.0013730314
224 0 0 0 -39.0013730314
225 0 0 0 -39.0013730314
226 0 0 0 -39.0013730314
227 0 0 0 -39.0013730314
228 0 0 0 -39.0013730316
229 0 0 0 -39.0013730314
230 0 0 0 -39.0013730314
231 0 0 0 -39.0013730314
232 0 0 0 -39.0013730314
233 0 0 0 -39.0013730314
234 0 0 0 -39.0013730314
235 0 0 0 -39.001373031
236 0 0 -39.0013730308 0
237 0 0 -39.0013730306 0
238 0 0 -39.0013730306 0
239 0 0 -39.0013730305 0
240 0 0 -39.0013730305 0
241 0 0 -39.0013730305 0
242 0 0 -39.0013730305 0
243 0 0 -39.0013730305 0
244 0 0 -39.0013730305 0
245 0 0 -39.0013730305 0
246 0 0 -39.0013730305 0
247 0 0 0 -39.0013730305
248 0 0 0 -39.0013730306
249 0 0 0 -39.0013730306
250 0 0 0 -39.0013730309
251 0 0 0 -39.0013730312
252 0 0 0 -39.0013730316
253 0 0 -35.0005454059 0
254 0 0 -35.0005454059 0
255 0 0 -35.0005454059 0
256 0 0 -35.000545406 0
257 0 0 -35.000545406 0
258 0 0 -35.0005454059 0
259 0 0 -35.0005454059 0
260 0 0 -35.0005454059 0
261 0 0 -35.000545406 0
262 0 0 -35.000545406 0
263 0 0 -35.000545406 0
264 0 0 -35.000545406 0
265 0 0 -35.0005454059 0
266 0 0 -35.0005454059 0
267 0 0 -35.0005454059 0
268 0 0 -35.0005454059 0
269 0 0 -35.000545406 0
270 0 0 -35.000545406 0
271 0 0 -35.0005454059 0
272 0 0 -35.0005454059 0
273 0 0 -35.0005454059 0
274 0 0 -35.0005454059 0
275 0 0 -35.000545406 0
276 0 0 -35.000545406 0
277 0 0 -35.000545406 0
278 0 0 -35.000545406 0
279 0 0 -35.000545406 0
280 0 0 -35.000545406 0
281 0 0 -35.0005454059 0
282 0 0 -35.000545406 0
283 0 0 -35.0005454066 0
284 0 0 -35.0005454072 0
285 0 0 -35.0005454072 0
286 0 0 -35.0005454081 0
287 0 0 -35.0005454081 0
288 0 0 -35.0005454081 0
289 0 0 -35.0005454081 0
290 0 0 0 -35.0005454076
291 0 0 0 -35.0005454076
292 0 0 0 -35.0005454068
293 0 0 0 -35.0005454068
294 0 0 0 -35.0005454062
295 0 0 0 -35.000545406
296 0 0 0 -35.000545406
297 0 0 0 -35.0005454061
298 0 0 -35.0005454064 0
299 0 0 -35.0005454068 0
300 0 0 -35.0005454068 0
301 0 0 -35.0005454076 0
302 0 0 0 -35.0005454081
303 0 0 0 -35.0005454081
304 0 0 0 -35.0005454081
305 0 0 0 -35.0005454081
306 0 0 0 -35.0005454076
307 0 0 0 -35.0005454076
308 0 0 0 -35.0005454072
309 0 0 -35.0005454061 0
310 0 0 0 -35.000545406
311 0 0 -35.000545406 0
312 0 0 -35.0005454064 0
313 0 0 -35.0005454068 0
314 0 0 0 -35.0005454076
315 0 0 0 -35.0005454076
316 0 0 0 -35.0005454081
317 0 0 0 -35.0005454081
318 0 0 0 -35.0005454081
319 0 0 0 -35.0005454081
320 0 0 0 -35.0005454076
321 0 0 0 -35.0005454072
322 0 0 0 -35.0005454072
323 0 0 0 -35.0005454068
324 0 0 0 -35.0005454072
325 0 0 0 -35.0005454076
326 0 0 0 -35.0005454076
327 0 0 0 -35.0005454088
328 0 0 0 -35.0005454088
329 0 0 0 -35.0005454088
330 0 0 0 -35.0005454081
331 0 0 -35.0005454076 0
332 0 0 -35.0005454072 0
333 0 0 -35.0005454072 0
334 0 0 -35.0005454064 0
335 0 0 0 -35.0005454062
336 0 0 0 -35.0005454059
337 0 0 -35.0005454088 0
338 0 0 -35.0005454088 0
339 0 0 -35.0005454088 0
340 0 0 -35.0005454088 0
341 0 0 -35.0005454088 0
342 0 0 -35.0005454088 0
343 0 0 -35.0005454088 0
344 0 0 0 -35.0005454088
345 0 0 0 -35.0005454088
346 0 0 0 -35.0005454088
347 0 0 0 -35.0005454088
348 0 0 0 -35.0005454088
349 0 0 0 -35.0005454088
350 0 0 0 -35.0005454088
351 0 0 0 -35.0005454088
352 0 0 0 -35.0005454088
353 0 0 0 -35.0005454088
354 0 0 0 -35.0005454088
355 0 0 0 -35.0005454088
356 0 0 0 -35.0005454088
357 0 0 0 -35.0005454088
358 0 0 0 -35.0005454088
359 0 0 0 -35.0005454088
360 0 0 0 -35.0005454088
361 0 0 0 -35.0005454088
362 0 0 0 -35.0005454088
363 0 0 0 -35.0005454076
364 0 0 0 -35.0005454068
365 0 0 0 -35.0005454062
366 0 0 0 -35.000545406
367 0 0 0 -35.0005454059
368 0 0 0 -35.0005454059
369 0 0 0 -35.0005454059
370 0 0 0 -35.0005454059
371 0 0 -35.0005454059 0
372 0 0 -35.0005454059 0
373 0 0 -35.0005454059 0
374 0 0 -35.0005454059 0
375 0 0 -35.0005454061 0
376 0 0 -35.0005454064 0
377 0 0 -35.0005454064 0
378 0 0 -35.0005454066 0
379 0 0 -35.0005454061 0
380 0 0 -35.0005454061 0
381 0 0 0 -35.000545406
382 0 0 0 -35.0005454059
383 0 0 0 -35.0005454062
384 0 0 -35.0005454062 0
385 0 0 -35.0005454066 0
386 0 0 -35.0005454066 0
387 0 0 0 -35.0005454066
388 0 0 0 -35.0005454062
389 0 0 0 -35.000545406
390 0 0 -35.0005454062 0
391 0 0 -35.0005454062 0
392 0 0 -35.0005454068 0
393 0 0 0 -35.0005454064
394 0 0 0 -35.000545406
395 0 0 -35.000545406 0
396 0 0 -35.0005454059 0
397 0 0 -35.0005454061 0
398 0 0 -35.0005454064 0
399 0 0 0 -35.0005454064
400 0 0 0 -35.0005454072
401 0 0 0 -35.0005454076
402 0 0 0 -35.0005454076
403 0 0 0 -35.0005454072
404 0 0 0 -35.0005454068
405 0 0 0 -35.0005454062
406 0 0 -35.0005454062 0
407 0 0 -35.0005454061 0
408 0 0 0 -35.0005454062
409 0 0 0 -35.0005454066
410 0 0 0 -35.0005454066
411 0 0 -35.0005454066 0
412 0 0 0 -35.0005454064
413 0 0 0 -35.0005454064
414 0 0 -35.0005454066 0
415 0 0 0 -35.0005454066
416 0 0 0 -35.0005454064
417 0 0 0 -35.0005454064
418 0 0 0 -35.0005454066
419 0 0 -35.0005454064 0
420 0 0 -35.0005454066 0
421 0 0 -36.0006872744 0
422 0 0 -36.0006872744 0
423 0 0 -36.0006872744 0
424 0 0 0 -36.0006872744
425 0 0 0 -36.0006872744
426 0 0 0 -36.0006872744
427 0 0 -36.0006872744 0
428 0 0 -36.0006872744 0
429 0 0 -36.0006872744 0
430 0 0 -36.0006872744 0
431 0 0 -36.0006872744 0
432 0 0 -36.0006872744 0
433 0 0 -36.0006872744 0
434 0 0 -36.0006872744 0
435 0 0 -36.0006872744 0
436 0 0 -36.0006872744 0
437 0 0 -36.0006872744 0
438 0 0 -36.0006872744 0
439 0 0 -36.0006872744 0
440 0 0 -36.0006872744 0
441 0 0 -36.0006872744 0
442 0 0 -36.0006872744 0
443 0 0 -36.0006872744 0
444 0 0 -36.0006872744 0
445 0 0 -36.0006872744 0
446 0 0 -36.0006872744 0
447 0 0 -36.0006872744 0
448 0 0 -36.0006872744 0
449 0 0 -36.0006872744 0
450 0 0 -36.0006872744 0
451 0 0 -36.0006872744 0
452 0 0 -36.0006872744 0
453 0 0 -36.0006872744 0
454 0 0 -36.0006872744 0
455 0 0 -36.0006872744 0
456 0 0 -36.0006872744 0
457 0 0 -36.0006872744 0
458 0 0 -36.0006872744 0
459 0 0 -36.0006872744 0
460 0 0 -36.0006872744 0
461 0 0 -36.0006872744 0
462 0 0 -36.0006872744 0
463 0 0 -36.0006872744 0
464 0 0 -36.0006872744 0
465 0 0 -36.0006872744 0
466 0 0 -36.0006872744 0
467 0 0 -36.0006872744 0
468 0 0 -36.0006872744 0
469 0 0 -36.0006872744 0
470 0 0 -36.0006872744 0
471 0 0 -36.0006872744 0
472 0 0 -36.0006872744 0
473 0 0 -36.0006872744 0
474 0 0 -36.0006872744 0
475 0 0 -36.0006872744 0
476 0 0 -36.0006872744 0
477 0 0 -36.0006872744 0
478 0 0 -36.0006872744 0
479 0 0 -36.0006872744 0
480 0 0 -36.0006872744 0
481 0 0 -36.0006872744 0
482 0 0 -36.0006872744 0
483 0 0 -36.0006872744 0
484 0 0 -36.0006872744 0
485 0 0 -36.0006872744 0
486 0 0 -36.0006872744 0
487 0 0 -36.0006872744 0
488 0 0 -36.0006872744 0
489 0 0 -36.0006872744 0
490 0 0 -36.0006872744 0
491 0 0 -36.0006872744 0
492 0 0 -36.0006872744 0
493 0 0 -36.0006872744 0
494 0 0 -36.0006872744 0
495 0 0 -36.0006872744 0
496 0 0 -36.0006872744 0
497 0 0 -36.0006872744 0
498 0 0 -36.0006872744 0
499 0 0 -36.0006872744 0
500 0 0 -36.0006872744 0
501 0 0 -36.0006872744 0
502 0 0 -36.0006872744 0
503 0 0 -36.0006872744 0
504 0 0 -36.0006872744 0
505 0 0 0 -38.0010903476
506 0 0 -38.0010903476 0
507 0 0 -38.0010903476 0
508 0 0 -38.0010903477 0
509 0 0 -38.0010903478 0
510 0 0 -38.0010903476 0
511 0 0 -38.0010903476 0
512 0 0 -38.0010903475 0
513 0 0 0 -38.0010903475
514 0 0 0 -38.0010903476
515 0 0 -38.0010903476 0
516 0 0 -38.0010903476 0
517 0 0 -38.0010903476 0
518 0 0 -38.0010903475 0
519 0 0 0 -38.0010903475
520 0 0 0 -38.0010903475
521 0 0 -38.0010903475 0
522 0 0 -38.0010903475 0
523 0 0 -38.0010903476 0
524 0 0 -38.0010903477 0
525 0 0 -38.0010903478 0
526 0 0 -38.0010903479 0
527 0 0 -38.0010903477 0
528 0 0 -38.0010903476 0
529 0 0 -38.0010903476 0
530 0 0 -38.0010903476 0
531 0 0 -38.0010903475 0
532 0 0 0 -38.0010903475
533 0 0 -38.0010903475 0
534 0 0 0 -38.0010903475
535 0 0 0 -38.0010903475
536 0 0 0 -38.0010903475
537 0 0 -38.0010903475 0
538 0 0 -38.0010903475 0
539 0 0 -38.0010903475 0
540 0 0 -38.0010903475 0
541 0 0 -38.0010903475 0
542 0 0 -38.0010903475 0
543 0 0 -38.0010903475 0
544 0 0 -38.0010903475 0
545 0 0 -38.0010903475 0
546 0 0 -38.0010903475 0
547 0 0 -38.0010903475 0
548 0 0 -38.0010903475 0
549 0 0 -38.0010903475 0
550 0 0 -38.0010903475 0
551 0 0 -38.0010903475 0
552 0 0 -38.0010903475 0
553 0 0 -38.0010903475 0
554 0 0 -38.0010903475 0
555 0 0 -38.0010903475 0
556 0 0 -38.0010903475 0
557 0 0 -38.0010903475 0
558 0 0 -38.0010903475 0
559 0 0 -38.0010903475 0
560 0 0 -38.0010903475 0
561 0 0 -38.0010903475 0
562 0 0 -38.0010903475 0
563 0 0 -38.0010903475 0
564 0 0 -38.0010903475 0
565 0 0 -38.0010903475 0
566 0 0 -38.0010903475 0
567 0 0 -38.0010903475 0
568 0 0 -38.0010903475 0
569 0 0 -38.0010903475 0
570 0 0 -38.0010903475 0
571 0 0 -38.0010903475 0
572 0 0 -38.0010903475 0
573 0 0 -38.0010903475 0
574 0 0 -38.0010903475 0
575 0 0 -38.0010903475 0
576 0 0 -38.0010903475 0
577 0 0 -38.0010903475 0
578 0 0 -38.0010903475 0
579 0 0 -38.0010903475 0
580 0 0 -38.0010903475 0
581 0 0 -38.0010903475 0
582 0 0 -38.0010903475 0
583 0 0 -38.0010903475 0
584 0 0 -38.0010903475 0
585 0 0 -38.0010903475 0
586 0 0 -38.0010903475 0
587 0 0 -38.0010903475 0
588 0 0 -38.0010903475 0
589 0 0 0 -35.0005454064
590 0 0 0 -35.0005454064
591 0 0 -35.0005454064 0
592 0 0 0 -35.0005454061
593 0 0 0 -35.0005454062
594 0 0 -35.0005454066 0
595 0 0 -35.0005454066 0
596 0 0 0 -35.0005454062
597 0 0 0 -35.0005454061
598 0 0 -35.0005454059 0
599 0 0 -35.0005454059 0
600 0 0 -35.0005454059 0
601 0 0 0 -35.0005454059
602 0 0 0 -35.0005454059
603 0 0 -35.0005454059 0
604 0 0 -35.0005454059 0
605 0 0 0 -35.0005454059
606 0 0 0 -35.0005454059
607 0 0 0 -35.0005454059
608 0 0 -35.0005454059 0
609 0 0 -35.0005454059 0
610 0 0 -35.0005454059 0
611 0 0 -35.0005454059 0
612 0 0 -35.0005454059 0
613 0 0 -35.0005454059 0
614 0 0 -35.0005454059 0
615 0 0 -35.0005454059 0
616 0 0 -35.0005454059 0
617 0 0 -35.0005454059 0
618 0 0 -35.0005454059 0
619 0 0 -35.0005454059 0
620 0 0 -35.0005454059 0
621 0 0 -35.0005454059 0
622 0 0 -35.0005454059 0
623 0 0 -35.0005454059 0
624 0 0 -35.0005454059 0
625 0 0 -35.0005454059 0
626 0 0 -35.0005454059 0
627 0 0 -35.0005454059 0
628 0 0 -35.0005454059 0
629 0 0 -35.0005454059 0
630 0 0 -35.0005454059 0
631 0 0 -35.0005454059 0
632 0 0 -35.0005454059 0
633 0 0 -35.0005454059 0
634 0 0 -35.0005454059 0
635 0 0 -35.0005454059 0
636 0 0 -35.0005454059 0
637 0 0 -35.0005454059 0
638 0 0 -35.0005454059 0
639 0 0 -35.0005454059 0
640 0 0 -35.0005454059 0
641 0 0 -35.0005454059 0
642 0 0 -35.0005454059 0
643 0 0 -35.0005454059 0
644 0 0 -35.0005454059 0
645 0 0 -35.0005454059 0
646 0 0 -35.0005454059 0
647 0 0 -35.0005454059 0
648 0 0 -35.0005454059 0
649 0 0 -35.0005454059 0
650 0 0 -35.0005454059 0
651 0 0 -35.0005454059 0
652 0 0 -35.0005454062 0
653 0 0 -35.0005454066 0
654 0 0 0 -35.0005454066
655 0 0 0 -35.0005454081
656 0 0 0 -35.0005454088
657 0 0 0 -35.0005454088
658 0 0 0 -35.0005454088
659 0 0 0 -35.0005454088
660 0 0 0 -35.0005454088
661 0 0 0 -35.0005454088
662 0 0 0 -35.0005454088
663 0 0 0 -35.0005454088
664 0 0 0 -35.0005454088
665 0 0 0 -35.0005454088
666 0 0 0 -35.0005454088
667 0 0 0 -35.0005454088
668 0 0 0 -35.0005454088
669 0 0 0 -35.0005454088
670 0 0 0 -35.0005454088
671 0 0 0 -35.0005454088
672 0 0 0 -35.0005454088
673 0 0 -36.0006872744 0
674 0 0 -36.0006872744 0
675 0 0 -36.0006872744 0
676 0 0 -36.0006872744 0
677 0 0 -36.0006872744 0
678 0 0 -36.0006872744 0
679 0 0 -36.0006872744 0
680 0 0 -36.0006872744 0
681 0 0 -36.0006872744 0
682 0 0 -36.0006872744 0
683 0 0 -36.0006872744 0
684 0 0 -36.0006872744 0
685 0 0 -36.0006872744 0
686 0 0 -36.0006872744 0
687 0 0 -36.0006872744 0
688 0 0 -36.0006872744 0
689 0 0 -36.0006872744 0
690 0 0 -36.0006872744 0
691 0 0 -36.0006872744 0
692 0 0 -36.0006872744 0
693 0 0 -36.0006872744 0
694 0 0 -36.0006872744 0
695 0 0 -36.0006872744 0
696 0 0 -36.0006872744 0
697 0 0 -36.0006872744 0
698 0 0 -36.0006872744 0
699 0 0 -36.0006872744 0
700 0 0 -36.0006872744 0
701 0 0 -36.0006872744 0
702 0 0 -36.0006872744 0
703 0 0 -36.0006872744 0
704 0 0 -36.0006872744 0
705 0 0 -36.0006872744 0
706 0 0 -36.0006872744 0
707 0 0 -36.0006872744 0
708 0 0 -36.0006872744 0
709 0 0 -36.0006872744 0
710 0 0 -36.0006872744 0
711 0 0 -36.0006872744 0
712 0 0 -36.0006872744 0
713 0 0 -36.0006872744 0
714 0 0 -36.0006872744 0
715 0 0 -36.0006872744 0
716 0 0 -36.0006872744 0
717 0 0 -36.0006872744 0
718 0 0 -36.0006872744 0
719 0 0 -36.0006872744 0
720 0 0 -36.0006872744 0
721 0 0 -36.0006872744 0
722 0 0 -36.0006872744 0
723 0 0 -36.0006872744 0
724 0 0 -36.0006872744 0
725 0 0 -36.0006872744 0
726 0 0 -36.0006872744 0
727 0 0 -36.0006872744 0
728 0 0 -36.0006872744 0
729 0 0 -36.0006872744 0
730 0 0 -36.0006872744 0
731 0 0 -36.0006872744 0
732 0 0 -36.0006872744 0
733 0 0 -36.0006872744 0
734 0 0 -36.0006872744 0
735 0 0 -36.0006872744 0
736 0 0 -36.0006872744 0
737 0 0 -36.0006872744 0
738 0 0 -36.0006872744 0
739 0 0 -36.0006872744 0
740 0 0 -36.0006872744 0
741 0 0 -36.0006872744 0
742 0 0 -36.0006872744 0
743 0 0 -36.0006872744 0
744 0 0 -36.0006872744 0
745 0 0 -36.0006872744 0
746 0 0 -36.0006872744 0
747 0 0 -36.0006872744 0
748 0 0 -36.0006872744 0
749 0 0 -36.0006872744 0
750 0 0 -36.0006872744 0
751 0 0 -36.0006872744 0
752 0 0 -36.0006872744 0
753 0 0 -36.0006872744 0
754 0 0 -36.0006872744 0
755 0 0 -36.0006872744 0
756 0 0 -36.0006872744 0
757 0 0 -36.0006872746 0
758 0 0 -36.0006872746 0
759 0 0 -36.0006872746 0
760 0 0 -36.0006872746 0
761 0 0 -36.0006872746 0
762 0 0 -36.0006872745 0
763 0 0 -36.0006872745 0
764 0 0 -36.0006872744 0
765 0 0 -36.0006872744 0
766 0 0 -36.0006872744 0
767 0 0 -36.0006872744 0
768 0 0 -36.0006872744 0
769 0 0 -36.0006872744 0
770 0 0 -36.0006872744 0
771 0 0 0 -36.0006872744
772 0 0 -36.0006872744 0
773 0 0 -36.0006872744 0
774 0 0 -36.0006872744 0
775 0 0 -36.0006872744 0
776 0 0 -36.0006872744 0
777 0 0 -36.0006872744 0
778 0 0 -36.0006872744 0
779 0 0 -36.0006872744 0
780 0 0 -36.0006872744 0
781 0 0 -36.0006872744 0
782 0 0 -36.0006872744 0
783 0 0 -36.0006872744 0
784 0 0 -36.0006872744 0
785 0 0 -36.0006872744 0
786 0 0 -36.0006872744 0
787 0 0 -36.0006872744 0
788 0 0 -36.0006872744 0
789 0 0 -36.0006872744 0
790 0 0 -36.0006872744 0
791 0 0 -36.0006872746 0
792 0 0 -36.0006872748 0
793 0 0 -36.0006872752 0
794 0 0 -36.0006872762 0
795 0 0 -36.0006872762 0
796 0 0 -36.0006872762 0
797 0 0 -36.0006872762 0
798 0 0 0 -36.0006872762
799 0 0 0 -36.0006872762
800 0 0 0 -36.0006872762
801 0 0 0 -36.0006872762
802 0 0 0 -36.0006872762
803 0 0 0 -36.0006872762
804 0 0 0 -36.0006872762
805 0 0 0 -36.0006872762
806 0 0 0 -36.0006872762
807 0 0 0 -36.0006872762
808 0 0 0 -36.0006872762
809 0 0 0 -36.0006872762
810 0 0 0 -36.0006872762
811 0 0 0 -36.0006872762
812 0 0 0 -36.0006872762
813 0 0 0 -36.0006872762
814 0 0 0 -36.0006872762
815 0 0 0 -36.0006872762
816 0 0 0 -36.0006872762
817 0 0 0 -36.0006872762
818 0 0 0 -36.0006872762
819 0 0 0 -36.0006872762
820 0 0 0 -36.0006872762
821 0 0 0 -36.0006872762
822 0 0 0 -36.0006872762
823 0 0 0 -36.0006872762
824 0 0 0 -36.0006872762
825 0 0 0 -36.0006872762
826 0 0 0 -36.0006872762
827 0 0 0 -36.0006872762
828 0 0 0 -36.0006872762
829 0 0 0 -36.0006872762
830 0 0 0 -36.0006872762
831 0 0 0 -36.0006872762
832 0 0 0 -36.0006872762
833 0 0 0 -36.0006872762
834 0 0 0 -36.0006872762
835 0 0 0 -36.0006872762
836 0 0 0 -36.0006872762
837 0 0 0 -36.0006872762
838 0 0 0 -36.0006872762
839 0 0 0 -36.0006872762
840 0 0 0 -36.0006872762
